"STATION","DATE","LATITUDE","LONGITUDE","ELEVATION","NAME","TEMP","TEMP_ATTRIBUTES","DEWP","DEWP_ATTRIBUTES","SLP","SLP_ATTRIBUTES","STP","STP_ATTRIBUTES","VISIB","VISIB_ATTRIBUTES","WDSP","WDSP_ATTRIBUTES","MXSPD","GUST","MAX","MAX_ATTRIBUTES","MIN","MIN_ATTRIBUTES","PRCP","PRCP_ATTRIBUTES","SNDP","FRSHTT"
"02768099999","2021-01-01","61.2","26.05","92.0","HEINOLA ASEMANTAUS, FI","  31.9","24","9999.9"," 0","9999.9"," 0","999.9"," 0","  5.7","24","999.9"," 0","999.9","999.9","  32.9"," ","  30.2","*"," 0.10","E","  3.1","111000"
"02768099999","2021-01-02","61.2","26.05","92.0","HEINOLA ASEMANTAUS, FI","  29.3","24","  29.3","24","9999.9"," 0","999.9"," 0"," 10.6","24","999.9"," 0","999.9","999.9","  32.2"," ","  27.5","*","99.99"," ","999.9","001000"
"02768099999","2021-01-03","61.2","26.05","92.0","HEINOLA ASEMANTAUS, FI","  26.5","24","  26.5","24","9999.9"," 0","999.9"," 0","  5.2","24","999.9"," 0","999.9","999.9","  28.2"," ","  25.9"," "," 0.28","F","  9.1","001000"
"02768099999","2021-01-04","61.2","26.05","92.0","HEINOLA ASEMANTAUS, FI","  26.8","24","  26.7","24","9999.9"," 0","999.9"," 0","  9.6","24","999.9"," 0","999.9","999.9","  27.5"," ","  24.4","*","99.99"," ","  7.9","001000"
"02768099999","2021-01-05","61.2","26.05","92.0","HEINOLA ASEMANTAUS, FI","  21.9","24","  21.8","24","9999.9"," 0","999.9"," 0"," 16.9","24","999.9"," 0","999.9","999.9","  26.4"," ","  20.8"," "," 0.00","I","  7.1","000000"
"02768099999","2021-01-06","61.2","26.05","92.0","HEINOLA ASEMANTAUS, FI","  23.2","24","  23.1","24","9999.9"," 0","999.9"," 0"," 12.1","24","999.9"," 0","999.9","999.9","  26.2","*","  20.7"," ","99.99"," ","  6.3","001000"
"02768099999","2021-01-07","61.2","26.05","92.0","HEINOLA ASEMANTAUS, FI","  25.3","24","  25.1","24","9999.9"," 0","999.9"," 0"," 12.4","24","999.9"," 0","999.9","999.9","  27.1","*","  22.6","*","99.99"," ","  5.9","001000"
"02768099999","2021-01-08","61.2","26.05","92.0","HEINOLA ASEMANTAUS, FI","  22.5","24","  22.4","24","9999.9"," 0","999.9"," 0"," 12.7","24","999.9"," 0","999.9","999.9","  24.8"," ","  21.4","*"," 0.00","E","  5.1","011000"
"02768099999","2021-01-09","61.2","26.05","92.0","HEINOLA ASEMANTAUS, FI","  12.3","24","  11.2","24","9999.9"," 0","999.9"," 0"," 18.2","24","999.9"," 0","999.9","999.9","  22.6"," ","   6.1"," ","99.99"," ","  5.5","001000"
"02768099999","2021-01-10","61.2","26.05","92.0","HEINOLA ASEMANTAUS, FI","  17.6","24","  17.2","24","9999.9"," 0","999.9"," 0","  4.0","24","999.9"," 0","999.9","999.9","  23.0","*","   7.2"," ","99.99"," ","  4.7","001000"
"02768099999","2021-01-11","61.2","26.05","92.0","HEINOLA ASEMANTAUS, FI","  25.5","24","  25.5","24","9999.9"," 0","999.9"," 0","  3.2","24","999.9"," 0","999.9","999.9","  27.5","*","  21.2"," "," 0.12","E","  8.7","001000"
"02768099999","2021-01-12","61.2","26.05","92.0","HEINOLA ASEMANTAUS, FI","  19.0","24","  18.5","24","9999.9"," 0","999.9"," 0","  3.4","24","999.9"," 0","999.9","999.9","  25.3"," ","  16.3"," ","99.99"," ","999.9","001000"
"02768099999","2021-01-13","61.2","26.05","92.0","HEINOLA ASEMANTAUS, FI","  13.2","24","  11.7","24","9999.9"," 0","999.9"," 0","  2.7","24","999.9"," 0","999.9","999.9","  18.3"," ","   5.5","*","99.99"," ","  8.7","001000"
"02768099999","2021-01-14","61.2","26.05","92.0","HEINOLA ASEMANTAUS, FI","  -4.4","24","  -8.3","24","9999.9"," 0","999.9"," 0"," 15.3","24","999.9"," 0","999.9","999.9","   9.1"," "," -11.0","*","99.99"," ","  8.7","001000"
"02768099999","2021-01-15","61.2","26.05","92.0","HEINOLA ASEMANTAUS, FI","  -3.5","24","  -7.1","24","9999.9"," 0","999.9"," 0"," 14.1","24","999.9"," 0","999.9","999.9","   9.1","*"," -13.4"," ","99.99"," ","  8.3","001000"
"02768099999","2021-01-16","61.2","26.05","92.0","HEINOLA ASEMANTAUS, FI","  -1.2","24","  -3.7","24","9999.9"," 0","999.9"," 0"," 10.0","24","999.9"," 0","999.9","999.9","   9.0"," ","  -7.4"," ","99.99"," ","  7.9","001000"
"02768099999","2021-01-17","61.2","26.05","92.0","HEINOLA ASEMANTAUS, FI","  16.6","24","  16.3","24","9999.9"," 0","999.9"," 0","  7.9","24","999.9"," 0","999.9","999.9","  22.6","*","  -6.0"," ","99.99"," ","  7.1","001000"
"02768099999","2021-01-18","61.2","26.05","92.0","HEINOLA ASEMANTAUS, FI","  20.1","24","  20.0","24","9999.9"," 0","999.9"," 0"," 10.9","24","999.9"," 0","999.9","999.9","  24.8","*","  13.3"," ","99.99"," ","  7.5","001000"
"02768099999","2021-01-19","61.2","26.05","92.0","HEINOLA ASEMANTAUS, FI","  29.1","23","  29.1","23","9999.9"," 0","999.9"," 0","  9.7","23","999.9"," 0","999.9","999.9","  30.7","*","  23.4"," ","99.99"," ","  7.1","011000"
"02768099999","2021-01-20","61.2","26.05","92.0","HEINOLA ASEMANTAUS, FI","  24.8","24","  23.4","24","9999.9"," 0","999.9"," 0"," 13.7","24","999.9"," 0","999.9","999.9","  31.1"," ","  20.1"," "," 0.02","E","  7.5","001000"
"02768099999","2021-01-21","61.2","26.05","92.0","HEINOLA ASEMANTAUS, FI","  17.7","24","  17.0","24","9999.9"," 0","999.9"," 0","  8.9","24","999.9"," 0","999.9","999.9","  23.0"," ","  16.2"," "," 0.24","F","  0.4","001000"
"02768099999","2021-01-22","61.2","26.05","92.0","HEINOLA ASEMANTAUS, FI","  24.5","24","  23.1","20","9999.9"," 0","999.9"," 0","  2.3","24","999.9"," 0","999.9","999.9","  33.1","*","  16.7"," ","99.99"," ","999.9","011000"
"02768099999","2021-01-23","61.2","26.05","92.0","HEINOLA ASEMANTAUS, FI","  35.1","23","  34.9","20","9999.9"," 0","999.9"," 0","  9.8","23","999.9"," 0","999.9","999.9","  36.3"," ","  26.2"," ","99.99"," ","  8.7","010000"
"02768099999","2021-01-24","61.2","26.05","92.0","HEINOLA ASEMANTAUS, FI","  33.7","24","  33.3","12","9999.9"," 0","999.9"," 0","  2.3","24","999.9"," 0","999.9","999.9","  36.1"," ","  32.2"," "," 0.00","H","999.9","111000"
"02768099999","2021-01-25","61.2","26.05","92.0","HEINOLA ASEMANTAUS, FI","  32.8","24","9999.9"," 0","9999.9"," 0","999.9"," 0","  4.0","24","999.9"," 0","999.9","999.9","  34.9"," ","  32.2"," ","99.99"," ","  9.1","011000"
"02768099999","2021-01-26","61.2","26.05","92.0","HEINOLA ASEMANTAUS, FI","  32.3","22","  32.3","17","9999.9"," 0","999.9"," 0","  4.4","22","999.9"," 0","999.9","999.9","  33.1"," ","  31.8"," ","99.99"," ","999.9","011000"
"02768099999","2021-01-27","61.2","26.05","92.0","HEINOLA ASEMANTAUS, FI","  31.8","24","  31.5","17","9999.9"," 0","999.9"," 0","  7.1","24","999.9"," 0","999.9","999.9","  33.1"," ","  29.3","*","99.99"," ","  9.1","011000"
"02768099999","2021-01-28","61.2","26.05","92.0","HEINOLA ASEMANTAUS, FI","  26.0","24","  25.7","24","9999.9"," 0","999.9"," 0"," 13.0","24","999.9"," 0","999.9","999.9","  30.7"," ","  23.0","*","99.99"," ","  7.9","001000"
"02768099999","2021-01-29","61.2","26.05","92.0","HEINOLA ASEMANTAUS, FI","  25.2","23","  25.0","23","9999.9"," 0","999.9"," 0","  6.2","23","999.9"," 0","999.9","999.9","  27.9"," ","  22.6"," "," 0.05","E","999.9","011000"
"02768099999","2021-01-30","61.2","26.05","92.0","HEINOLA ASEMANTAUS, FI","  21.3","24","  21.3","24","9999.9"," 0","999.9"," 0","  9.4","24","999.9"," 0","999.9","999.9","  24.1"," ","  20.3","*"," 0.21","E"," 11.8","001000"
"02768099999","2021-01-31","61.2","26.05","92.0","HEINOLA ASEMANTAUS, FI","  20.2","24","  20.2","24","9999.9"," 0","999.9"," 0"," 12.1","24","999.9"," 0","999.9","999.9","  22.6","*","  19.0"," ","99.99"," "," 11.4","001000"
"02768099999","2021-02-01","61.2","26.05","92.0","HEINOLA ASEMANTAUS, FI","  16.5","24","  15.6","24","9999.9"," 0","999.9"," 0"," 10.9","24","999.9"," 0","999.9","999.9","  20.3"," ","  13.3"," ","99.99"," "," 11.4","001000"
"02768099999","2021-02-02","61.2","26.05","92.0","HEINOLA ASEMANTAUS, FI","  16.6","24","  16.4","24","9999.9"," 0","999.9"," 0","  7.7","24","999.9"," 0","999.9","999.9","  18.5","*","  12.4"," "," 0.01","E","999.9","001000"
"02768099999","2021-02-03","61.2","26.05","92.0","HEINOLA ASEMANTAUS, FI","  13.0","24","  12.1","24","9999.9"," 0","999.9"," 0","  5.6","24","999.9"," 0","999.9","999.9","  19.0","*","   4.1","*","99.99"," "," 13.0","001000"
"02768099999","2021-02-04","61.2","26.05","92.0","HEINOLA ASEMANTAUS, FI","   5.2","24","   3.0","24","9999.9"," 0","999.9"," 0"," 13.8","24","999.9"," 0","999.9","999.9","   9.9"," ","   2.1"," ","99.99"," "," 12.6","001000"
"02768099999","2021-02-05","61.2","26.05","92.0","HEINOLA ASEMANTAUS, FI","   3.4","24","   0.3","24","9999.9"," 0","999.9"," 0"," 15.5","24","999.9"," 0","999.9","999.9","   7.9"," ","   0.1"," ","99.99"," "," 12.6","001000"
"02768099999","2021-02-06","61.2","26.05","92.0","HEINOLA ASEMANTAUS, FI","   6.9","24","   4.7","24","9999.9"," 0","999.9"," 0"," 13.5","24","999.9"," 0","999.9","999.9","  13.1"," ","  -0.0"," ","99.99"," "," 12.6","001000"
"02768099999","2021-02-07","61.2","26.05","92.0","HEINOLA ASEMANTAUS, FI","  17.6","24","  16.0","24","9999.9"," 0","999.9"," 0"," 21.5","24","999.9"," 0","999.9","999.9","  21.4"," ","   4.1"," ","99.99"," "," 12.2","001000"
"02768099999","2021-02-08","61.2","26.05","92.0","HEINOLA ASEMANTAUS, FI","  13.8","24","  12.6","24","9999.9"," 0","999.9"," 0"," 17.3","24","999.9"," 0","999.9","999.9","  21.4"," ","   7.2"," ","99.99"," "," 11.8","001000"
"02768099999","2021-02-09","61.2","26.05","92.0","HEINOLA ASEMANTAUS, FI","   9.4","22","   8.4","22","9999.9"," 0","999.9"," 0","  9.4","22","999.9"," 0","999.9","999.9","  15.4"," ","   3.7"," ","99.99"," "," 11.8","001000"
"02768099999","2021-02-10","61.2","26.05","92.0","HEINOLA ASEMANTAUS, FI","   5.2","13","   2.8","13","9999.9"," 0","999.9"," 0"," 11.0","13","999.9"," 0","999.9","999.9","  12.2","*","  -1.3","*","99.99"," "," 11.8","001000"
"02768099999","2021-02-13","61.2","26.05","92.0","HEINOLA ASEMANTAUS, FI","  23.9","14","  23.4","14","9999.9"," 0","999.9"," 0"," 26.0","14","999.9"," 0","999.9","999.9","  25.7"," ","  20.8"," ","99.99"," "," 11.8","001000"
"02768099999","2021-02-14","61.2","26.05","92.0","HEINOLA ASEMANTAUS, FI","  16.7","24","  15.0","24","9999.9"," 0","999.9"," 0"," 23.4","24","999.9"," 0","999.9","999.9","  23.5"," ","   8.2","*","99.99"," "," 11.4","001000"
"02768099999","2021-02-15","61.2","26.05","92.0","HEINOLA ASEMANTAUS, FI","  16.9","24","  15.5","24","9999.9"," 0","999.9"," 0"," 22.9","24","999.9"," 0","999.9","999.9","  23.0","*","   7.7"," ","99.99"," "," 11.8","001000"
"02768099999","2021-02-16","61.2","26.05","92.0","HEINOLA ASEMANTAUS, FI","  16.1","24","  13.2","24","9999.9"," 0","999.9"," 0"," 23.0","24","999.9"," 0","999.9","999.9","  24.3"," ","   1.4","*","99.99"," "," 11.8","001000"
"02768099999","2021-02-17","61.2","26.05","92.0","HEINOLA ASEMANTAUS, FI","  -1.7","23","  -6.5","23","9999.9"," 0","999.9"," 0"," 22.1","23","999.9"," 0","999.9","999.9","  10.8"," "," -10.7","*","99.99"," "," 11.4","001000"
"02768099999","2021-02-18","61.2","26.05","92.0","HEINOLA ASEMANTAUS, FI","   1.4","24","  -3.3","24","9999.9"," 0","999.9"," 0"," 11.6","24","999.9"," 0","999.9","999.9","  13.6"," "," -14.8"," ","99.99"," "," 11.8","001000"
"02768099999","2021-02-19","61.2","26.05","92.0","HEINOLA ASEMANTAUS, FI","  16.4","12","  13.4","12","9999.9"," 0","999.9"," 0"," 13.5","12","999.9"," 0","999.9","999.9","  19.9","*","   9.7"," ","99.99"," "," 11.4","001000"
"02768099999","2021-02-20","61.2","26.05","92.0","HEINOLA ASEMANTAUS, FI","  20.5","10","  19.9","10","9999.9"," 0","999.9"," 0","  1.5","10","999.9"," 0","999.9","999.9","  24.4","*","  16.9"," ","99.99"," ","999.9","001000"
"02768099999","2021-02-21","61.2","26.05","92.0","HEINOLA ASEMANTAUS, FI","  21.4","18","  19.0","16","9999.9"," 0","999.9"," 0","  5.4","18","999.9"," 0","999.9","999.9","  33.8"," ","  14.9","*","99.99"," ","999.9","011000"
"02768099999","2021-02-22","61.2","26.05","92.0","HEINOLA ASEMANTAUS, FI","  12.6","23","  10.2","23","9999.9"," 0","999.9"," 0","  6.9","23","999.9"," 0","999.9","999.9","  15.4"," ","   8.6","*","99.99"," "," 18.5","001000"
"02768099999","2021-02-23","61.2","26.05","92.0","HEINOLA ASEMANTAUS, FI","  10.4","23","   8.5","23","9999.9"," 0","999.9"," 0","  3.4","23","999.9"," 0","999.9","999.9","  14.9","*","   6.3"," ","99.99"," "," 19.3","001000"
"02768099999","2021-02-24","61.2","26.05","92.0","HEINOLA ASEMANTAUS, FI","  23.9","24","  22.8","22","9999.9"," 0","999.9"," 0","  3.4","24","999.9"," 0","999.9","999.9","  37.8","*","  14.0"," ","99.99"," "," 18.5","011000"
"02768099999","2021-02-25","61.2","26.05","92.0","HEINOLA ASEMANTAUS, FI","  38.2","24","  38.0","19","9999.9"," 0","999.9"," 0","  6.2","24","999.9"," 0","999.9","999.9","  40.8"," ","  33.4"," ","99.99"," ","999.9","110000"
"02768099999","2021-02-26","61.2","26.05","92.0","HEINOLA ASEMANTAUS, FI","  36.4","24","  36.2","21","9999.9"," 0","999.9"," 0"," 22.5","24","999.9"," 0","999.9","999.9","  39.2"," ","  34.2","*","99.99"," "," 15.0","010000"
"02768099999","2021-02-27","61.2","26.05","92.0","HEINOLA ASEMANTAUS, FI","  34.1","24","  28.7","23","9999.9"," 0","999.9"," 0"," 27.1","24","999.9"," 0","999.9","999.9","  38.1"," ","  31.5"," ","99.99"," "," 14.2","011000"
"02768099999","2021-02-28","61.2","26.05","92.0","HEINOLA ASEMANTAUS, FI","  37.9","24","  32.8","24","9999.9"," 0","999.9"," 0"," 28.6","24","999.9"," 0","999.9","999.9","  44.4"," ","  31.6"," ","99.99"," "," 14.6","010000"
"02768099999","2021-03-01","61.2","26.05","92.0","HEINOLA ASEMANTAUS, FI","  38.8","24","  29.6","24","9999.9"," 0","999.9"," 0"," 29.3","24","999.9"," 0","999.9","999.9","  46.2"," ","  33.1"," "," 0.00","I"," 14.2","000000"
"02768099999","2021-03-02","61.2","26.05","92.0","HEINOLA ASEMANTAUS, FI","  35.6","23","  26.0","23","9999.9"," 0","999.9"," 0"," 29.1","23","999.9"," 0","999.9","999.9","  40.6"," ","  31.6","*"," 0.00","I"," 13.8","000000"
"02768099999","2021-03-03","61.2","26.05","92.0","HEINOLA ASEMANTAUS, FI","  33.8","24","  26.9","24","9999.9"," 0","999.9"," 0"," 26.8","24","999.9"," 0","999.9","999.9","  41.5"," ","  27.7"," ","99.99"," "," 13.4","010000"
"02768099999","2021-03-04","61.2","26.05","92.0","HEINOLA ASEMANTAUS, FI","  25.1","24","  17.6","24","9999.9"," 0","999.9"," 0"," 27.5","24","999.9"," 0","999.9","999.9","  34.0"," ","  19.0","*","99.99"," "," 13.0","001000"
"02768099999","2021-03-05","61.2","26.05","92.0","HEINOLA ASEMANTAUS, FI","  19.4","24","  10.4","24","9999.9"," 0","999.9"," 0"," 28.6","24","999.9"," 0","999.9","999.9","  27.3"," ","  10.9","*"," 0.00","I"," 13.4","000000"
"02768099999","2021-03-06","61.2","26.05","92.0","HEINOLA ASEMANTAUS, FI","  24.1","24","  20.7","22","9999.9"," 0","999.9"," 0"," 19.4","24","999.9"," 0","999.9","999.9","  34.9"," ","   8.8"," ","99.99"," "," 15.0","011000"
"02768099999","2021-03-07","61.2","26.05","92.0","HEINOLA ASEMANTAUS, FI","  20.7","24","  14.7","24","9999.9"," 0","999.9"," 0"," 17.9","24","999.9"," 0","999.9","999.9","  34.0"," ","  15.8"," ","99.99"," "," 15.0","001000"
"02768099999","2021-03-08","61.2","26.05","92.0","HEINOLA ASEMANTAUS, FI","  14.5","24","   6.4","24","9999.9"," 0","999.9"," 0"," 20.9","24","999.9"," 0","999.9","999.9","  24.1"," ","   4.1","*","99.99"," "," 15.0","001000"
"02768099999","2021-03-09","61.2","26.05","92.0","HEINOLA ASEMANTAUS, FI","   9.4","24","   2.3","24","9999.9"," 0","999.9"," 0"," 14.8","24","999.9"," 0","999.9","999.9","  17.8"," ","  -2.9","*","99.99"," "," 15.4","001000"
"02768099999","2021-03-10","61.2","26.05","92.0","HEINOLA ASEMANTAUS, FI","   4.8","24","  -9.3","24","9999.9"," 0","999.9"," 0"," 26.2","24","999.9"," 0","999.9","999.9","  18.3"," ","  -9.4"," "," 0.00","E"," 15.4","000000"
"02768099999","2021-03-11","61.2","26.05","92.0","HEINOLA ASEMANTAUS, FI","  15.7","23","  10.3","23","9999.9"," 0","999.9"," 0"," 14.2","23","999.9"," 0","999.9","999.9","  24.4","*","   2.1"," "," 0.01","E"," 15.4","001000"
"02768099999","2021-03-12","61.2","26.05","92.0","HEINOLA ASEMANTAUS, FI","  25.0","24","  20.7","24","9999.9"," 0","999.9"," 0","  9.6","24","999.9"," 0","999.9","999.9","  26.6"," ","  18.7"," ","99.99"," "," 15.7","001000"
"02768099999","2021-03-13","61.2","26.05","92.0","HEINOLA ASEMANTAUS, FI","  31.4","24","  29.8","23","9999.9"," 0","999.9"," 0","  7.2","24","999.9"," 0","999.9","999.9","  38.7"," ","  24.3"," "," 0.03","E"," 15.0","011000"
"02768099999","2021-03-14","61.2","26.05","92.0","HEINOLA ASEMANTAUS, FI","  33.5","24","  33.2","20","9999.9"," 0","999.9"," 0","  4.7","24","999.9"," 0","999.9","999.9","  36.0"," ","  32.2"," ","99.99"," ","999.9","111000"
"02768099999","2021-03-15","61.2","26.05","92.0","HEINOLA ASEMANTAUS, FI","  33.1","24","9999.9"," 0","9999.9"," 0","999.9"," 0","  7.4","24","999.9"," 0","999.9","999.9","  35.2"," ","  32.4"," ","99.99"," "," 16.1","011000"
"02768099999","2021-03-16","61.2","26.05","92.0","HEINOLA ASEMANTAUS, FI","  32.7","24","  31.9","24","9999.9"," 0","999.9"," 0"," 16.6","24","999.9"," 0","999.9","999.9","  36.0"," ","  30.2"," ","99.99"," "," 15.4","011000"
"02768099999","2021-03-17","61.2","26.05","92.0","HEINOLA ASEMANTAUS, FI","  32.0","24","  30.4","24","9999.9"," 0","999.9"," 0"," 16.2","24","999.9"," 0","999.9","999.9","  36.1"," ","  29.5","*","99.99"," "," 15.0","011000"
"02768099999","2021-03-18","61.2","26.05","92.0","HEINOLA ASEMANTAUS, FI","  25.5","23","  13.8","23","9999.9"," 0","999.9"," 0"," 26.3","23","999.9"," 0","999.9","999.9","  31.8"," ","  20.5","*","99.99"," "," 14.2","011000"
"02768099999","2021-03-19","61.2","26.05","92.0","HEINOLA ASEMANTAUS, FI","  18.7","24","   8.6","24","9999.9"," 0","999.9"," 0"," 20.4","24","999.9"," 0","999.9","999.9","  26.2"," ","   8.6","*","99.99"," "," 14.6","001000"
"02768099999","2021-03-20","61.2","26.05","92.0","HEINOLA ASEMANTAUS, FI","  27.1","24","  22.5","24","9999.9"," 0","999.9"," 0"," 13.8","24","999.9"," 0","999.9","999.9","  34.0","*","   8.6"," ","99.99"," "," 16.5","011000"
"02768099999","2021-03-21","61.2","26.05","92.0","HEINOLA ASEMANTAUS, FI","  32.5","24","  23.0","24","9999.9"," 0","999.9"," 0"," 27.9","24","999.9"," 0","999.9","999.9","  35.6"," ","  26.2","*","99.99"," "," 15.7","011000"
"02768099999","2021-03-22","61.2","26.05","92.0","HEINOLA ASEMANTAUS, FI","  25.2","24","   9.7","24","9999.9"," 0","999.9"," 0"," 25.9","24","999.9"," 0","999.9","999.9","  34.5"," ","  12.7","*"," 0.00","I"," 15.7","000000"
"02768099999","2021-03-23","61.2","26.05","92.0","HEINOLA ASEMANTAUS, FI","  33.2","23","  24.1","23","9999.9"," 0","999.9"," 0"," 23.8","23","999.9"," 0","999.9","999.9","  48.4"," ","  10.6"," ","99.99"," "," 15.0","010000"
"02768099999","2021-03-24","61.2","26.05","92.0","HEINOLA ASEMANTAUS, FI","  39.7","24","  31.5","24","9999.9"," 0","999.9"," 0"," 21.6","24","999.9"," 0","999.9","999.9","  50.0"," ","  35.6"," ","99.99"," "," 13.0","010000"
"02768099999","2021-03-25","61.2","26.05","92.0","HEINOLA ASEMANTAUS, FI","  36.2","24","  33.5","24","9999.9"," 0","999.9"," 0"," 12.8","24","999.9"," 0","999.9","999.9","  44.1"," ","  28.6","*"," 0.00","I"," 11.4","000000"
"02768099999","2021-03-26","61.2","26.05","92.0","HEINOLA ASEMANTAUS, FI","  36.8","24","  32.2","24","9999.9"," 0","999.9"," 0"," 10.7","24","999.9"," 0","999.9","999.9","  48.6"," ","  28.4"," ","99.99"," "," 11.0","110000"
"02768099999","2021-03-27","61.2","26.05","92.0","HEINOLA ASEMANTAUS, FI","  37.0","24","  34.1","17","9999.9"," 0","999.9"," 0","  6.2","24","999.9"," 0","999.9","999.9","  47.7"," ","  29.3"," ","99.99"," "," 10.6","110000"
"02768099999","2021-03-28","61.2","26.05","92.0","HEINOLA ASEMANTAUS, FI","  38.1","24","  32.1","24","9999.9"," 0","999.9"," 0"," 17.1","24","999.9"," 0","999.9","999.9","  46.2"," ","  34.0"," ","99.99"," ","  9.8","010000"
"02768099999","2021-03-29","61.2","26.05","92.0","HEINOLA ASEMANTAUS, FI","  37.2","24","  35.1","23","9999.9"," 0","999.9"," 0","  9.0","24","999.9"," 0","999.9","999.9","  39.6","*","  33.4"," ","99.99"," ","  7.1","010000"
"02768099999","2021-03-30","61.2","26.05","92.0","HEINOLA ASEMANTAUS, FI","  42.7","24","  35.5","24","9999.9"," 0","999.9"," 0"," 24.6","24","999.9"," 0","999.9","999.9","  49.5"," ","  37.6","*","99.99"," ","  6.7","010000"
"02768099999","2021-03-31","61.2","26.05","92.0","HEINOLA ASEMANTAUS, FI","  41.1","24","  27.2","24","9999.9"," 0","999.9"," 0"," 26.4","24","999.9"," 0","999.9","999.9","  48.0"," ","  35.1","*"," 0.00","I","  4.3","000000"
"02768099999","2021-04-01","61.2","26.05","92.0","HEINOLA ASEMANTAUS, FI","  38.3","23","  25.3","23","9999.9"," 0","999.9"," 0"," 26.6","23","999.9"," 0","999.9","999.9","  47.3"," ","  31.8"," "," 0.00","I","  3.1","000000"
"02768099999","2021-04-02","61.2","26.05","92.0","HEINOLA ASEMANTAUS, FI","  36.6","24","  28.7","24","9999.9"," 0","999.9"," 0"," 28.3","24","999.9"," 0","999.9","999.9","  42.3"," ","  30.9"," ","99.99"," ","  2.0","011000"
"02768099999","2021-04-03","61.2","26.05","92.0","HEINOLA ASEMANTAUS, FI","  36.4","23","  27.1","22","9999.9"," 0","999.9"," 0"," 26.9","23","999.9"," 0","999.9","999.9","  43.3"," ","  31.6","*","99.99"," ","  1.2","010000"
"02768099999","2021-04-04","61.2","26.05","92.0","HEINOLA ASEMANTAUS, FI","  40.5","24","  28.0","24","9999.9"," 0","999.9"," 0"," 26.2","24","999.9"," 0","999.9","999.9","  52.2"," ","  31.1"," ","99.99"," ","  0.8","010000"
"02768099999","2021-04-05","61.2","26.05","92.0","HEINOLA ASEMANTAUS, FI","  35.9","24","  30.6","24","9999.9"," 0","999.9"," 0"," 20.0","24","999.9"," 0","999.9","999.9","  40.6"," ","  31.1","*","99.99"," ","999.9","011000"
"02768099999","2021-04-06","61.2","26.05","92.0","HEINOLA ASEMANTAUS, FI","  35.0","24","  25.9","24","9999.9"," 0","999.9"," 0"," 23.5","24","999.9"," 0","999.9","999.9","  41.5"," ","  29.5"," ","99.99"," ","999.9","011000"
"02768099999","2021-04-07","61.2","26.05","92.0","HEINOLA ASEMANTAUS, FI","  37.1","24","  28.9","24","9999.9"," 0","999.9"," 0"," 18.9","24","999.9"," 0","999.9","999.9","  42.8"," ","  32.9","*","99.99"," ","999.9","011000"
"02768099999","2021-04-08","61.2","26.05","92.0","HEINOLA ASEMANTAUS, FI","  35.8","22","  23.8","21","9999.9"," 0","999.9"," 0"," 25.1","22","999.9"," 0","999.9","999.9","  43.7"," ","  29.3","*","99.99"," ","999.9","011000"
"02768099999","2021-04-09","61.2","26.05","92.0","HEINOLA ASEMANTAUS, FI","  34.1","24","  31.4","23","9999.9"," 0","999.9"," 0"," 12.7","24","999.9"," 0","999.9","999.9","  37.4","*","  25.5"," ","99.99"," ","999.9","011000"
"02768099999","2021-04-10","61.2","26.05","92.0","HEINOLA ASEMANTAUS, FI","  36.1","24","  32.9","24","9999.9"," 0","999.9"," 0"," 17.6","24","999.9"," 0","999.9","999.9","  41.0"," ","  32.4","*","99.99"," ","999.9","011000"
"02768099999","2021-04-11","61.2","26.05","92.0","HEINOLA ASEMANTAUS, FI","  41.0","24","  25.9","24","9999.9"," 0","999.9"," 0"," 23.0","24","999.9"," 0","999.9","999.9","  51.1"," ","  32.0"," "," 0.00","I","  0.4","000000"
"02768099999","2021-04-12","61.2","26.05","92.0","HEINOLA ASEMANTAUS, FI","  48.3","24","  33.1","24","9999.9"," 0","999.9"," 0"," 18.3","24","999.9"," 0","999.9","999.9","  59.0"," ","  37.8"," ","99.99"," ","  0.4","010000"
"02768099999","2021-04-13","61.2","26.05","92.0","HEINOLA ASEMANTAUS, FI","  43.7","24","  29.1","24","9999.9"," 0","999.9"," 0"," 25.0","24","999.9"," 0","999.9","999.9","  50.5"," ","  36.7","*","99.99"," ","999.9","010000"
"02768099999","2021-04-14","61.2","26.05","92.0","HEINOLA ASEMANTAUS, FI","  36.2","24","  24.2","24","9999.9"," 0","999.9"," 0"," 24.8","24","999.9"," 0","999.9","999.9","  45.9"," ","  26.2","*"," 0.00","I","  0.4","000000"
"02768099999","2021-04-15","61.2","26.05","92.0","HEINOLA ASEMANTAUS, FI","  38.5","23","  22.8","23","9999.9"," 0","999.9"," 0"," 25.7","23","999.9"," 0","999.9","999.9","  51.3","*","  23.7"," "," 0.00","I","  0.4","000000"
"02768099999","2021-04-16","61.2","26.05","92.0","HEINOLA ASEMANTAUS, FI","  43.2","24","  18.4","24","9999.9"," 0","999.9"," 0"," 26.8","24","999.9"," 0","999.9","999.9","  55.6"," ","  26.1"," "," 0.00","I","999.9","000000"
"02768099999","2021-04-17","61.2","26.05","92.0","HEINOLA ASEMANTAUS, FI","  46.1","23","  20.9","23","9999.9"," 0","999.9"," 0"," 27.2","23","999.9"," 0","999.9","999.9","  59.4"," ","  33.3","*"," 0.00","I","999.9","000000"
"02768099999","2021-04-18","61.2","26.05","92.0","HEINOLA ASEMANTAUS, FI","  45.8","24","  24.2","24","9999.9"," 0","999.9"," 0"," 24.8","24","999.9"," 0","999.9","999.9","  61.5"," ","  28.2"," "," 0.00","I","999.9","000000"
"02768099999","2021-04-19","61.2","26.05","92.0","HEINOLA ASEMANTAUS, FI","  44.5","24","  25.5","24","9999.9"," 0","999.9"," 0"," 23.1","24","999.9"," 0","999.9","999.9","  59.0"," ","  28.6"," "," 0.00","I","999.9","000000"
"02768099999","2021-04-20","61.2","26.05","92.0","HEINOLA ASEMANTAUS, FI","  43.0","24","  21.3","24","9999.9"," 0","999.9"," 0"," 26.5","24","999.9"," 0","999.9","999.9","  57.2"," ","  27.3"," "," 0.00","I","999.9","000000"
"02768099999","2021-04-21","61.2","26.05","92.0","HEINOLA ASEMANTAUS, FI","  42.9","24","  28.2","24","9999.9"," 0","999.9"," 0"," 22.1","24","999.9"," 0","999.9","999.9","  55.8"," ","  27.3"," ","99.99"," ","999.9","010000"
"02768099999","2021-04-22","61.2","26.05","92.0","HEINOLA ASEMANTAUS, FI","  43.4","24","  29.8","24","9999.9"," 0","999.9"," 0"," 21.2","24","999.9"," 0","999.9","999.9","  54.9"," ","  32.0","*"," 0.00","I","  0.4","000000"
"02768099999","2021-04-23","61.2","26.05","92.0","HEINOLA ASEMANTAUS, FI","  36.2","24","  32.8","20","9999.9"," 0","999.9"," 0"," 15.7","24","999.9"," 0","999.9","999.9","  46.6"," ","  30.6"," ","99.99"," ","  0.4","011000"
"02768099999","2021-04-24","61.2","26.05","92.0","HEINOLA ASEMANTAUS, FI","  36.7","24","  31.7","23","9999.9"," 0","999.9"," 0"," 25.3","24","999.9"," 0","999.9","999.9","  42.8"," ","  31.3"," ","99.99"," ","999.9","010000"
"02768099999","2021-04-25","61.2","26.05","92.0","HEINOLA ASEMANTAUS, FI","  36.2","24","  34.3","24","9999.9"," 0","999.9"," 0"," 17.2","24","999.9"," 0","999.9","999.9","  39.7"," ","  34.7"," ","99.99"," ","999.9","011000"
"02768099999","2021-04-26","61.2","26.05","92.0","HEINOLA ASEMANTAUS, FI","  36.9","24","  36.6","21","9999.9"," 0","999.9"," 0","  9.4","24","999.9"," 0","999.9","999.9","  38.3"," ","  33.3","*","99.99"," ","999.9","011000"
"02768099999","2021-04-27","61.2","26.05","92.0","HEINOLA ASEMANTAUS, FI","  36.2","24","  29.2","21","9999.9"," 0","999.9"," 0"," 23.4","24","999.9"," 0","999.9","999.9","  39.9"," ","  32.4","*","99.99"," ","999.9","011000"
"02768099999","2021-04-28","61.2","26.05","92.0","HEINOLA ASEMANTAUS, FI","  36.3","24","  23.5","24","9999.9"," 0","999.9"," 0"," 26.5","24","999.9"," 0","999.9","999.9","  44.1"," ","  27.0"," ","99.99"," ","999.9","001000"
"02768099999","2021-04-29","61.2","26.05","92.0","HEINOLA ASEMANTAUS, FI","  36.0","24","  23.9","24","9999.9"," 0","999.9"," 0"," 28.5","24","999.9"," 0","999.9","999.9","  45.3"," ","  27.5"," "," 0.00","I","  0.4","000000"
"02768099999","2021-04-30","61.2","26.05","92.0","HEINOLA ASEMANTAUS, FI","  38.0","24","  22.2","24","9999.9"," 0","999.9"," 0"," 26.4","24","999.9"," 0","999.9","999.9","  47.5"," ","  24.8"," "," 0.00","I","999.9","000000"
"02768099999","2021-05-01","61.2","26.05","92.0","HEINOLA ASEMANTAUS, FI","  36.0","24","  21.3","24","9999.9"," 0","999.9"," 0"," 29.7","24","999.9"," 0","999.9","999.9","  44.6"," ","  28.2"," ","99.99"," ","  0.4","011000"
"02768099999","2021-05-02","61.2","26.05","92.0","HEINOLA ASEMANTAUS, FI","  39.6","24","  16.9","24","9999.9"," 0","999.9"," 0"," 28.3","24","999.9"," 0","999.9","999.9","  48.7"," ","  28.4"," "," 0.00","I","999.9","000000"
"02768099999","2021-05-03","61.2","26.05","92.0","HEINOLA ASEMANTAUS, FI","  41.7","24","  16.8","24","9999.9"," 0","999.9"," 0"," 29.2","24","999.9"," 0","999.9","999.9","  49.8"," ","  27.5"," "," 0.00","I","999.9","000000"
"02768099999","2021-05-04","61.2","26.05","92.0","HEINOLA ASEMANTAUS, FI","  41.7","24","  22.5","24","9999.9"," 0","999.9"," 0"," 28.9","24","999.9"," 0","999.9","999.9","  46.9"," ","  36.5","*"," 0.00","I","999.9","000000"
"02768099999","2021-05-05","61.2","26.05","92.0","HEINOLA ASEMANTAUS, FI","  37.8","24","  27.0","23","9999.9"," 0","999.9"," 0"," 19.6","24","999.9"," 0","999.9","999.9","  45.1"," ","  33.4"," ","99.99"," ","999.9","010000"
"02768099999","2021-05-06","61.2","26.05","92.0","HEINOLA ASEMANTAUS, FI","  36.9","24","  35.7","24","9999.9"," 0","999.9"," 0"," 23.1","24","999.9"," 0","999.9","999.9","  39.7"," ","  32.0","*","99.99"," ","999.9","010000"
"02768099999","2021-05-07","61.2","26.05","92.0","HEINOLA ASEMANTAUS, FI","  38.5","24","  33.9","22","9999.9"," 0","999.9"," 0"," 19.6","24","999.9"," 0","999.9","999.9","  44.4"," ","  31.1"," ","99.99"," ","999.9","010000"
"02768099999","2021-05-08","61.2","26.05","92.0","HEINOLA ASEMANTAUS, FI","  40.9","24","  29.1","24","9999.9"," 0","999.9"," 0"," 24.8","24","999.9"," 0","999.9","999.9","  50.5"," ","  33.8","*","99.99"," ","  0.4","010000"
"02768099999","2021-05-09","61.2","26.05","92.0","HEINOLA ASEMANTAUS, FI","  44.7","24","  28.3","24","9999.9"," 0","999.9"," 0"," 24.5","24","999.9"," 0","999.9","999.9","  54.3"," ","  33.4"," ","99.99"," ","999.9","010000"
"02768099999","2021-05-10","61.2","26.05","92.0","HEINOLA ASEMANTAUS, FI","  48.4","24","  46.1","23","9999.9"," 0","999.9"," 0"," 11.7","24","999.9"," 0","999.9","999.9","  54.9"," ","  40.8"," ","99.99"," ","999.9","010000"
"02768099999","2021-05-11","61.2","26.05","92.0","HEINOLA ASEMANTAUS, FI","  63.5","24","  42.5","24","9999.9"," 0","999.9"," 0"," 18.2","24","999.9"," 0","999.9","999.9","  75.4"," ","  49.3"," "," 0.00","I","999.9","000000"
"02768099999","2021-05-12","61.2","26.05","92.0","HEINOLA ASEMANTAUS, FI","  64.8","24","  37.2","24","9999.9"," 0","999.9"," 0"," 13.4","24","999.9"," 0","999.9","999.9","  77.5"," ","  50.0"," "," 0.00","I","999.9","000000"
"02768099999","2021-05-13","61.2","26.05","92.0","HEINOLA ASEMANTAUS, FI","  66.7","24","  43.7","24","9999.9"," 0","999.9"," 0"," 11.9","24","999.9"," 0","999.9","999.9","  82.8"," ","  48.0"," "," 0.00","I","999.9","000000"
"02768099999","2021-05-14","61.2","26.05","92.0","HEINOLA ASEMANTAUS, FI","  56.6","24","  46.3","24","9999.9"," 0","999.9"," 0"," 13.6","24","999.9"," 0","999.9","999.9","  69.1"," ","  48.2"," ","99.99"," ","999.9","010000"
"02768099999","2021-05-15","61.2","26.05","92.0","HEINOLA ASEMANTAUS, FI","  59.5","24","  49.4","23","9999.9"," 0","999.9"," 0"," 14.3","24","999.9"," 0","999.9","999.9","  70.5"," ","  49.1"," ","99.99"," ","999.9","010000"
"02768099999","2021-05-16","61.2","26.05","92.0","HEINOLA ASEMANTAUS, FI","  59.3","24","  47.7","21","9999.9"," 0","999.9"," 0"," 16.1","24","999.9"," 0","999.9","999.9","  71.6"," ","  47.3","*","99.99"," ","999.9","110000"
"02768099999","2021-05-17","61.2","26.05","92.0","HEINOLA ASEMANTAUS, FI","  59.2","23","  49.5","22","9999.9"," 0","999.9"," 0"," 13.8","23","999.9"," 0","999.9","999.9","  75.6"," ","  43.7"," ","99.99"," ","999.9","010000"
"02768099999","2021-05-18","61.2","26.05","92.0","HEINOLA ASEMANTAUS, FI","  55.0","24","  54.3","24","9999.9"," 0","999.9"," 0"," 15.9","24","999.9"," 0","999.9","999.9","  57.4","*","  51.6"," "," 0.20","E","999.9","010000"
"02768099999","2021-05-19","61.2","26.05","92.0","HEINOLA ASEMANTAUS, FI","  61.9","24","  57.1","22","9999.9"," 0","999.9"," 0"," 11.1","24","999.9"," 0","999.9","999.9","  73.8"," ","  51.8","*","99.99"," ","999.9","010000"
"02768099999","2021-05-20","61.2","26.05","92.0","HEINOLA ASEMANTAUS, FI","  50.8","24","  50.2","22","9999.9"," 0","999.9"," 0"," 12.9","24","999.9"," 0","999.9","999.9","  61.9"," ","  48.9"," ","99.99"," ","999.9","010000"
"02768099999","2021-05-21","61.2","26.05","92.0","HEINOLA ASEMANTAUS, FI","  45.8","24","  44.1","22","9999.9"," 0","999.9"," 0"," 13.9","24","999.9"," 0","999.9","999.9","  51.3"," ","  39.6","*","99.99"," ","999.9","010000"
"02768099999","2021-05-22","61.2","26.05","92.0","HEINOLA ASEMANTAUS, FI","  47.8","24","  43.1","22","9999.9"," 0","999.9"," 0"," 20.5","24","999.9"," 0","999.9","999.9","  57.9"," ","  39.4"," ","99.99"," ","999.9","010000"
"02768099999","2021-05-23","61.2","26.05","92.0","HEINOLA ASEMANTAUS, FI","  49.1","24","  45.8","22","9999.9"," 0","999.9"," 0"," 15.9","24","999.9"," 0","999.9","999.9","  57.2"," ","  39.7"," ","99.99"," ","999.9","110000"
"02768099999","2021-05-24","61.2","26.05","92.0","HEINOLA ASEMANTAUS, FI","  46.6","24","  36.8","23","9999.9"," 0","999.9"," 0"," 25.8","24","999.9"," 0","999.9","999.9","  54.7"," ","  37.8","*"," 0.00","I","999.9","000000"
"02768099999","2021-05-25","61.2","26.05","92.0","HEINOLA ASEMANTAUS, FI","  52.1","23","  39.7","22","9999.9"," 0","999.9"," 0"," 22.1","23","999.9"," 0","999.9","999.9","  61.7"," ","  35.6"," "," 0.00","I","999.9","000000"
"02768099999","2021-05-26","61.2","26.05","92.0","HEINOLA ASEMANTAUS, FI","  47.1","24","  40.9","22","9999.9"," 0","999.9"," 0"," 15.5","24","999.9"," 0","999.9","999.9","  55.9"," ","  42.8"," ","99.99"," ","999.9","010000"
"02768099999","2021-05-27","61.2","26.05","92.0","HEINOLA ASEMANTAUS, FI","  51.2","24","  47.5","24","9999.9"," 0","999.9"," 0"," 16.2","24","999.9"," 0","999.9","999.9","  58.1"," ","  43.0"," ","99.99"," ","999.9","010000"
"02768099999","2021-05-28","61.2","26.05","92.0","HEINOLA ASEMANTAUS, FI","  51.9","24","  44.5","24","9999.9"," 0","999.9"," 0"," 22.3","24","999.9"," 0","999.9","999.9","  60.8"," ","  42.8","*","99.99"," ","999.9","010000"
"02768099999","2021-05-29","61.2","26.05","92.0","HEINOLA ASEMANTAUS, FI","  49.8","24","  30.4","24","9999.9"," 0","999.9"," 0"," 26.5","24","999.9"," 0","999.9","999.9","  59.4"," ","  38.3","*"," 0.00","I","999.9","000000"
"02768099999","2021-05-30","61.2","26.05","92.0","HEINOLA ASEMANTAUS, FI","  52.3","24","  30.9","23","9999.9"," 0","999.9"," 0"," 25.9","24","999.9"," 0","999.9","999.9","  63.5"," ","  36.0"," "," 0.00","I","999.9","000000"
"02768099999","2021-05-31","61.2","26.05","92.0","HEINOLA ASEMANTAUS, FI","  52.2","24","  40.1","24","9999.9"," 0","999.9"," 0"," 25.7","24","999.9"," 0","999.9","999.9","  63.9"," ","  42.1"," ","99.99"," ","999.9","010000"
"02768099999","2021-06-01","61.2","26.05","92.0","HEINOLA ASEMANTAUS, FI","  56.8","24","  43.5","24","9999.9"," 0","999.9"," 0"," 20.6","24","999.9"," 0","999.9","999.9","  67.1"," ","  43.9"," "," 0.00","E","999.9","000000"
"02768099999","2021-06-02","61.2","26.05","92.0","HEINOLA ASEMANTAUS, FI","  62.7","24","  43.5","24","9999.9"," 0","999.9"," 0"," 18.4","24","999.9"," 0","999.9","999.9","  75.2"," ","  44.6"," "," 0.00","E","999.9","000000"
"02768099999","2021-06-03","61.2","26.05","92.0","HEINOLA ASEMANTAUS, FI","  63.0","24","  43.6","24","9999.9"," 0","999.9"," 0"," 19.4","24","999.9"," 0","999.9","999.9","  73.2"," ","  47.3"," "," 0.00","I","999.9","000000"
"02768099999","2021-06-04","61.2","26.05","92.0","HEINOLA ASEMANTAUS, FI","  65.4","24","  44.2","23","9999.9"," 0","999.9"," 0"," 18.7","24","999.9"," 0","999.9","999.9","  78.3"," ","  48.0"," "," 0.00","I","999.9","000000"
"02768099999","2021-06-05","61.2","26.05","92.0","HEINOLA ASEMANTAUS, FI","  66.9","23","  45.9","23","9999.9"," 0","999.9"," 0"," 19.0","23","999.9"," 0","999.9","999.9","  78.3"," ","  48.4"," "," 0.00","I","999.9","000000"
"02768099999","2021-06-06","61.2","26.05","92.0","HEINOLA ASEMANTAUS, FI","  66.7","24","  50.3","24","9999.9"," 0","999.9"," 0"," 20.3","24","999.9"," 0","999.9","999.9","  79.9"," ","  52.2"," "," 0.00","I","999.9","000000"
"02768099999","2021-06-07","61.2","26.05","92.0","HEINOLA ASEMANTAUS, FI","  64.4","24","  55.3","23","9999.9"," 0","999.9"," 0"," 13.4","24","999.9"," 0","999.9","999.9","  77.0"," ","  52.7"," ","99.99"," ","999.9","010000"
"02768099999","2021-06-08","61.2","26.05","92.0","HEINOLA ASEMANTAUS, FI","  61.3","24","  53.2","24","9999.9"," 0","999.9"," 0"," 12.9","24","999.9"," 0","999.9","999.9","  72.1"," ","  52.7"," ","99.99"," ","999.9","110000"
"02768099999","2021-06-09","61.2","26.05","92.0","HEINOLA ASEMANTAUS, FI","  65.6","24","  45.5","24","9999.9"," 0","999.9"," 0"," 17.3","24","999.9"," 0","999.9","999.9","  77.0"," ","  51.8","*"," 0.00","I","999.9","000000"
"02768099999","2021-06-10","61.2","26.05","92.0","HEINOLA ASEMANTAUS, FI","  67.1","23","  45.3","23","9999.9"," 0","999.9"," 0"," 16.0","23","999.9"," 0","999.9","999.9","  78.8"," ","  48.7"," "," 0.00","I","999.9","000000"
"02768099999","2021-06-11","61.2","26.05","92.0","HEINOLA ASEMANTAUS, FI","  66.1","24","  46.4","24","9999.9"," 0","999.9"," 0"," 15.5","24","999.9"," 0","999.9","999.9","  79.5"," ","  51.4"," "," 0.00","I","999.9","000000"
"02768099999","2021-06-12","61.2","26.05","92.0","HEINOLA ASEMANTAUS, FI","  63.3","24","  54.4","24","9999.9"," 0","999.9"," 0"," 10.2","24","999.9"," 0","999.9","999.9","  73.8"," ","  51.4"," ","99.99"," ","999.9","010000"
"02768099999","2021-06-13","61.2","26.05","92.0","HEINOLA ASEMANTAUS, FI","  59.0","24","  50.6","23","9999.9"," 0","999.9"," 0"," 21.6","24","999.9"," 0","999.9","999.9","  66.4"," ","  50.9","*","99.99"," ","999.9","010000"
"02768099999","2021-06-14","61.2","26.05","92.0","HEINOLA ASEMANTAUS, FI","  62.2","23","  42.9","23","9999.9"," 0","999.9"," 0"," 26.7","23","999.9"," 0","999.9","999.9","  71.6"," ","  45.7"," ","99.99"," ","999.9","010000"
"02768099999","2021-06-15","61.2","26.05","92.0","HEINOLA ASEMANTAUS, FI","  59.5","24","  41.6","24","9999.9"," 0","999.9"," 0"," 25.8","24","999.9"," 0","999.9","999.9","  65.3","*","  52.2","*","99.99"," ","999.9","010000"
"02768099999","2021-06-16","61.2","26.05","92.0","HEINOLA ASEMANTAUS, FI","  59.6","24","  38.9","24","9999.9"," 0","999.9"," 0"," 27.0","24","999.9"," 0","999.9","999.9","  69.1"," ","  50.5"," "," 0.00","I","999.9","000000"
"02768099999","2021-06-17","61.2","26.05","92.0","HEINOLA ASEMANTAUS, FI","  66.1","24","  45.2","24","9999.9"," 0","999.9"," 0"," 23.4","24","999.9"," 0","999.9","999.9","  77.4"," ","  50.7"," "," 0.00","I","999.9","000000"
"02768099999","2021-06-18","61.2","26.05","92.0","HEINOLA ASEMANTAUS, FI","  71.5","24","  50.1","24","9999.9"," 0","999.9"," 0"," 21.0","24","999.9"," 0","999.9","999.9","  82.2"," ","  54.5"," "," 0.00","I","999.9","000000"
"02768099999","2021-06-19","61.2","26.05","92.0","HEINOLA ASEMANTAUS, FI","  74.7","24","  52.3","24","9999.9"," 0","999.9"," 0"," 21.1","24","999.9"," 0","999.9","999.9","  86.4"," ","  65.1"," "," 0.00","I","999.9","000000"
"02768099999","2021-06-20","61.2","26.05","92.0","HEINOLA ASEMANTAUS, FI","  77.8","24","  55.8","24","9999.9"," 0","999.9"," 0"," 18.4","24","999.9"," 0","999.9","999.9","  87.8"," ","  63.9"," "," 0.00","E","999.9","000000"
"02768099999","2021-06-21","61.2","26.05","92.0","HEINOLA ASEMANTAUS, FI","  79.0","24","  59.9","24","9999.9"," 0","999.9"," 0"," 14.3","24","999.9"," 0","999.9","999.9","  89.8"," ","  64.2"," "," 0.00","I","999.9","000000"
"02768099999","2021-06-23","61.2","26.05","92.0","HEINOLA ASEMANTAUS, FI","  74.2","23","  63.8","23","9999.9"," 0","999.9"," 0"," 11.1","23","999.9"," 0","999.9","999.9","  89.6"," ","  64.8","*","99.99"," ","999.9","010000"
"02768099999","2021-06-24","61.2","26.05","92.0","HEINOLA ASEMANTAUS, FI","  67.8","24","  59.8","24","9999.9"," 0","999.9"," 0"," 18.6","24","999.9"," 0","999.9","999.9","  75.2"," ","  62.4"," "," 0.00","I","999.9","000000"
"02768099999","2021-06-25","61.2","26.05","92.0","HEINOLA ASEMANTAUS, FI","  72.3","24","  62.2","24","9999.9"," 0","999.9"," 0"," 16.2","24","999.9"," 0","999.9","999.9","  82.4"," ","  63.1"," "," 0.00","E","999.9","000000"
"02768099999","2021-06-26","61.2","26.05","92.0","HEINOLA ASEMANTAUS, FI","  69.9","24","  64.1","24","9999.9"," 0","999.9"," 0"," 15.4","24","999.9"," 0","999.9","999.9","  79.0"," ","  63.7","*"," 0.04","E","999.9","110000"
"02768099999","2021-06-27","61.2","26.05","92.0","HEINOLA ASEMANTAUS, FI","  69.6","24","  59.6","24","9999.9"," 0","999.9"," 0"," 19.2","24","999.9"," 0","999.9","999.9","  78.6"," ","  60.1","*","99.99"," ","999.9","110000"
"02768099999","2021-06-28","61.2","26.05","92.0","HEINOLA ASEMANTAUS, FI","  69.5","24","  49.9","24","9999.9"," 0","999.9"," 0"," 26.0","24","999.9"," 0","999.9","999.9","  77.4"," ","  58.6"," "," 0.00","I","999.9","000000"
"02768099999","2021-06-29","61.2","26.05","92.0","HEINOLA ASEMANTAUS, FI","  69.7","24","  47.3","24","9999.9"," 0","999.9"," 0"," 23.5","24","999.9"," 0","999.9","999.9","  79.5"," ","  57.6","*"," 0.00","I","999.9","000000"
"02768099999","2021-06-30","61.2","26.05","92.0","HEINOLA ASEMANTAUS, FI","  69.3","24","  48.4","24","9999.9"," 0","999.9"," 0"," 23.6","24","999.9"," 0","999.9","999.9","  78.6"," ","  57.7"," "," 0.00","I","999.9","000000"
"02768099999","2021-07-01","61.2","26.05","92.0","HEINOLA ASEMANTAUS, FI","  65.2","23","  54.8","23","9999.9"," 0","999.9"," 0"," 22.6","23","999.9"," 0","999.9","999.9","  69.8"," ","  59.4","*"," 0.00","I","999.9","000000"
"02768099999","2021-07-02","61.2","26.05","92.0","HEINOLA ASEMANTAUS, FI","  68.2","24","  51.8","24","9999.9"," 0","999.9"," 0"," 21.8","24","999.9"," 0","999.9","999.9","  79.7"," ","  56.3","*"," 0.00","I","999.9","000000"
"02768099999","2021-07-03","61.2","26.05","92.0","HEINOLA ASEMANTAUS, FI","  72.2","24","  49.9","24","9999.9"," 0","999.9"," 0"," 21.1","24","999.9"," 0","999.9","999.9","  85.1"," ","  53.4"," "," 0.00","I","999.9","000000"
"02768099999","2021-07-04","61.2","26.05","92.0","HEINOLA ASEMANTAUS, FI","  73.2","24","  50.2","24","9999.9"," 0","999.9"," 0"," 19.7","24","999.9"," 0","999.9","999.9","  85.6"," ","  56.8"," "," 0.00","I","999.9","000000"
"02768099999","2021-07-05","61.2","26.05","92.0","HEINOLA ASEMANTAUS, FI","  73.5","24","  50.6","24","9999.9"," 0","999.9"," 0"," 19.9","24","999.9"," 0","999.9","999.9","  86.4"," ","  57.4"," "," 0.00","I","999.9","000000"
"02768099999","2021-07-06","61.2","26.05","92.0","HEINOLA ASEMANTAUS, FI","  75.2","24","  53.8","24","9999.9"," 0","999.9"," 0"," 16.9","24","999.9"," 0","999.9","999.9","  84.9"," ","  61.5"," "," 0.00","I","999.9","000000"
"02768099999","2021-07-07","61.2","26.05","92.0","HEINOLA ASEMANTAUS, FI","  76.2","24","  60.4","24","9999.9"," 0","999.9"," 0"," 17.1","24","999.9"," 0","999.9","999.9","  85.6"," ","  65.5"," ","99.99"," ","999.9","010000"
"02768099999","2021-07-08","61.2","26.05","92.0","HEINOLA ASEMANTAUS, FI","  69.9","24","  62.9","24","9999.9"," 0","999.9"," 0"," 15.8","24","999.9"," 0","999.9","999.9","  79.0"," ","  59.2","*","99.99"," ","999.9","010000"
"02768099999","2021-07-09","61.2","26.05","92.0","HEINOLA ASEMANTAUS, FI","  70.3","24","  55.6","23","9999.9"," 0","999.9"," 0"," 20.3","24","999.9"," 0","999.9","999.9","  80.2"," ","  56.1"," "," 0.00","I","999.9","000000"
"02768099999","2021-07-10","61.2","26.05","92.0","HEINOLA ASEMANTAUS, FI","  77.3","24","  59.3","24","9999.9"," 0","999.9"," 0"," 17.7","24","999.9"," 0","999.9","999.9","  90.9"," ","  62.1"," ","99.99"," ","999.9","010000"
"02768099999","2021-07-11","61.2","26.05","92.0","HEINOLA ASEMANTAUS, FI","  76.8","23","  58.8","23","9999.9"," 0","999.9"," 0"," 19.6","23","999.9"," 0","999.9","999.9","  86.7"," ","  65.5","*"," 0.00","I","999.9","000000"
"02768099999","2021-07-12","61.2","26.05","92.0","HEINOLA ASEMANTAUS, FI","  73.2","24","  54.3","24","9999.9"," 0","999.9"," 0"," 23.2","24","999.9"," 0","999.9","999.9","  84.6"," ","  61.3"," "," 0.00","I","999.9","000000"
"02768099999","2021-07-13","61.2","26.05","92.0","HEINOLA ASEMANTAUS, FI","  76.4","24","  54.3","24","9999.9"," 0","999.9"," 0"," 20.5","24","999.9"," 0","999.9","999.9","  88.9"," ","  61.2"," "," 0.00","I","999.9","000000"
"02768099999","2021-07-14","61.2","26.05","92.0","HEINOLA ASEMANTAUS, FI","  78.2","24","  55.0","24","9999.9"," 0","999.9"," 0"," 21.7","24","999.9"," 0","999.9","999.9","  90.9"," ","  61.5"," "," 0.00","I","999.9","000000"
"02768099999","2021-07-15","61.2","26.05","92.0","HEINOLA ASEMANTAUS, FI","  78.6","24","  58.9","24","9999.9"," 0","999.9"," 0"," 18.3","24","999.9"," 0","999.9","999.9","  93.2"," ","  63.5"," ","99.99"," ","999.9","010000"
"02768099999","2021-07-16","61.2","26.05","92.0","HEINOLA ASEMANTAUS, FI","  71.8","24","  51.6","24","9999.9"," 0","999.9"," 0"," 23.7","24","999.9"," 0","999.9","999.9","  79.9"," ","  58.5","*"," 0.00","I","999.9","000000"
"02768099999","2021-07-17","61.2","26.05","92.0","HEINOLA ASEMANTAUS, FI","  69.3","24","  47.5","24","9999.9"," 0","999.9"," 0"," 20.3","24","999.9"," 0","999.9","999.9","  82.2"," ","  55.6"," "," 0.00","I","999.9","000000"
"02768099999","2021-07-18","61.2","26.05","92.0","HEINOLA ASEMANTAUS, FI","  67.6","24","  52.1","24","9999.9"," 0","999.9"," 0"," 21.0","24","999.9"," 0","999.9","999.9","  81.9"," ","  56.3"," ","99.99"," ","999.9","010000"
"02768099999","2021-07-19","61.2","26.05","92.0","HEINOLA ASEMANTAUS, FI","  62.7","24","  44.9","24","9999.9"," 0","999.9"," 0"," 28.0","24","999.9"," 0","999.9","999.9","  70.2"," ","  56.7","*"," 0.00","I","999.9","000000"
"02768099999","2021-07-20","61.2","26.05","92.0","HEINOLA ASEMANTAUS, FI","  60.6","24","  47.6","24","9999.9"," 0","999.9"," 0"," 23.4","24","999.9"," 0","999.9","999.9","  67.6"," ","  56.1"," ","99.99"," ","999.9","010000"
"02768099999","2021-07-21","61.2","26.05","92.0","HEINOLA ASEMANTAUS, FI","  60.5","24","  38.6","24","9999.9"," 0","999.9"," 0"," 28.7","24","999.9"," 0","999.9","999.9","  68.2"," ","  52.9"," "," 0.00","I","999.9","000000"
"02768099999","2021-07-22","61.2","26.05","92.0","HEINOLA ASEMANTAUS, FI","  61.9","24","  46.7","24","9999.9"," 0","999.9"," 0"," 26.0","24","999.9"," 0","999.9","999.9","  72.9"," ","  54.3"," ","99.99"," ","999.9","010000"
"02768099999","2021-07-23","61.2","26.05","92.0","HEINOLA ASEMANTAUS, FI","  61.9","24","  43.8","24","9999.9"," 0","999.9"," 0"," 27.6","24","999.9"," 0","999.9","999.9","  71.1"," ","  50.0","*"," 0.00","I","999.9","000000"
"02768099999","2021-07-24","61.2","26.05","92.0","HEINOLA ASEMANTAUS, FI","  61.1","24","  43.8","24","9999.9"," 0","999.9"," 0"," 27.7","24","999.9"," 0","999.9","999.9","  73.4"," ","  45.5"," "," 0.00","I","999.9","000000"
"02768099999","2021-07-25","61.2","26.05","92.0","HEINOLA ASEMANTAUS, FI","  68.7","23","  51.0","23","9999.9"," 0","999.9"," 0"," 20.2","23","999.9"," 0","999.9","999.9","  82.0"," ","  51.8"," "," 0.00","I","999.9","000000"
"02768099999","2021-07-26","61.2","26.05","92.0","HEINOLA ASEMANTAUS, FI","  74.1","24","  51.3","24","9999.9"," 0","999.9"," 0"," 17.4","24","999.9"," 0","999.9","999.9","  87.3"," ","  57.2"," "," 0.00","I","999.9","000000"
"02768099999","2021-07-27","61.2","26.05","92.0","HEINOLA ASEMANTAUS, FI","  74.5","24","  50.4","24","9999.9"," 0","999.9"," 0"," 16.5","24","999.9"," 0","999.9","999.9","  88.9"," ","  58.1"," "," 0.00","I","999.9","000000"
"02768099999","2021-07-28","61.2","26.05","92.0","HEINOLA ASEMANTAUS, FI","  67.0","24","  61.0","23","9999.9"," 0","999.9"," 0"," 11.1","24","999.9"," 0","999.9","999.9","  79.9"," ","  58.1"," ","99.99"," ","999.9","010000"
"02768099999","2021-07-29","61.2","26.05","92.0","HEINOLA ASEMANTAUS, FI","  68.7","24","  58.9","24","9999.9"," 0","999.9"," 0"," 18.7","24","999.9"," 0","999.9","999.9","  77.9"," ","  61.7","*","99.99"," ","999.9","010000"
"02768099999","2021-07-30","61.2","26.05","92.0","HEINOLA ASEMANTAUS, FI","  62.6","23","  55.1","23","9999.9"," 0","999.9"," 0"," 17.4","23","999.9"," 0","999.9","999.9","  71.8"," ","  57.2","*","99.99"," ","  0.4","010000"
"02768099999","2021-07-31","61.2","26.05","92.0","HEINOLA ASEMANTAUS, FI","  64.4","23","  53.3","22","9999.9"," 0","999.9"," 0"," 22.7","23","999.9"," 0","999.9","999.9","  73.8"," ","  56.7"," ","99.99"," ","999.9","010000"
"02768099999","2021-08-01","61.2","26.05","92.0","HEINOLA ASEMANTAUS, FI","  62.1","24","  57.7","23","9999.9"," 0","999.9"," 0"," 19.4","24","999.9"," 0","999.9","999.9","  69.6"," ","  56.7","*","99.99"," ","999.9","010000"
"02768099999","2021-08-02","61.2","26.05","92.0","HEINOLA ASEMANTAUS, FI","  63.2","23","  54.5","23","9999.9"," 0","999.9"," 0"," 19.5","23","999.9"," 0","999.9","999.9","  72.9"," ","  55.2"," ","99.99"," ","999.9","010000"
"02768099999","2021-08-03","61.2","26.05","92.0","HEINOLA ASEMANTAUS, FI","  55.6","24","  50.0","24","9999.9"," 0","999.9"," 0"," 27.0","24","999.9"," 0","999.9","999.9","  64.0"," ","  48.2","*","99.99"," ","999.9","010000"
"02768099999","2021-08-04","61.2","26.05","92.0","HEINOLA ASEMANTAUS, FI","  57.9","24","  43.4","24","9999.9"," 0","999.9"," 0"," 28.2","24","999.9"," 0","999.9","999.9","  68.0"," ","  45.5"," "," 0.00","I","999.9","000000"
"02768099999","2021-08-05","61.2","26.05","92.0","HEINOLA ASEMANTAUS, FI","  58.5","24","  44.3","24","9999.9"," 0","999.9"," 0"," 27.6","24","999.9"," 0","999.9","999.9","  70.7"," ","  47.1"," "," 0.00","I","999.9","000000"
"02768099999","2021-08-06","61.2","26.05","92.0","HEINOLA ASEMANTAUS, FI","  62.9","24","  45.5","24","9999.9"," 0","999.9"," 0"," 25.0","24","999.9"," 0","999.9","999.9","  75.9"," ","  46.9"," "," 0.00","I","999.9","000000"
"02768099999","2021-08-07","61.2","26.05","92.0","HEINOLA ASEMANTAUS, FI","  61.3","23","  53.8","23","9999.9"," 0","999.9"," 0"," 16.6","23","999.9"," 0","999.9","999.9","  69.1"," ","  56.3"," ","99.99"," ","999.9","010000"
"02768099999","2021-08-08","61.2","26.05","92.0","HEINOLA ASEMANTAUS, FI","  63.7","24","  61.3","22","9999.9"," 0","999.9"," 0"," 10.2","24","999.9"," 0","999.9","999.9","  69.8"," ","  58.8"," ","99.99"," ","999.9","010000"
"02768099999","2021-08-09","61.2","26.05","92.0","HEINOLA ASEMANTAUS, FI","  64.3","24","  57.8","22","9999.9"," 0","999.9"," 0"," 18.3","24","999.9"," 0","999.9","999.9","  73.2"," ","  58.8"," ","99.99"," ","999.9","010000"
"02768099999","2021-08-10","61.2","26.05","92.0","HEINOLA ASEMANTAUS, FI","  64.2","24","  55.2","22","9999.9"," 0","999.9"," 0"," 17.4","24","999.9"," 0","999.9","999.9","  74.1"," ","  54.9","*"," 0.00","H","999.9","010000"
"02768099999","2021-08-11","61.2","26.05","92.0","HEINOLA ASEMANTAUS, FI","  62.8","24","  54.7","24","9999.9"," 0","999.9"," 0"," 15.4","24","999.9"," 0","999.9","999.9","  74.5"," ","  53.4"," "," 0.00","H","999.9","010000"
"02768099999","2021-08-12","61.2","26.05","92.0","HEINOLA ASEMANTAUS, FI","  64.0","24","  55.3","21","9999.9"," 0","999.9"," 0"," 18.7","24","999.9"," 0","999.9","999.9","  73.0"," ","  55.6"," ","99.99"," ","999.9","010000"
"02768099999","2021-08-13","61.2","26.05","92.0","HEINOLA ASEMANTAUS, FI","  66.0","24","  53.0","23","9999.9"," 0","999.9"," 0"," 23.6","24","999.9"," 0","999.9","999.9","  76.8"," ","  55.4"," "," 0.00","I","999.9","000000"
"02768099999","2021-08-14","61.2","26.05","92.0","HEINOLA ASEMANTAUS, FI","  62.0","24","  56.5","24","9999.9"," 0","999.9"," 0"," 16.8","24","999.9"," 0","999.9","999.9","  70.3"," ","  56.7","*","99.99"," ","999.9","010000"
"02768099999","2021-08-15","61.2","26.05","92.0","HEINOLA ASEMANTAUS, FI","  57.5","24","  54.7","24","9999.9"," 0","999.9"," 0"," 21.0","24","999.9"," 0","999.9","999.9","  64.8"," ","  55.4"," ","99.99"," ","999.9","010000"
"02768099999","2021-08-16","61.2","26.05","92.0","HEINOLA ASEMANTAUS, FI","  60.1","24","  54.9","24","9999.9"," 0","999.9"," 0"," 20.9","24","999.9"," 0","999.9","999.9","  67.3"," ","  55.0"," ","99.99"," ","999.9","010000"
"02768099999","2021-08-17","61.2","26.05","92.0","HEINOLA ASEMANTAUS, FI","  63.6","24","  60.2","21","9999.9"," 0","999.9"," 0"," 11.9","24","999.9"," 0","999.9","999.9","  72.5"," ","  58.3"," ","99.99"," ","999.9","010000"
"02768099999","2021-08-18","61.2","26.05","92.0","HEINOLA ASEMANTAUS, FI","  58.3","24","  54.8","24","9999.9"," 0","999.9"," 0"," 18.6","24","999.9"," 0","999.9","999.9","  64.2"," ","  56.3","*","99.99"," ","999.9","010000"
"02768099999","2021-08-19","61.2","26.05","92.0","HEINOLA ASEMANTAUS, FI","  57.8","24","  55.1","23","9999.9"," 0","999.9"," 0"," 18.1","24","999.9"," 0","999.9","999.9","  64.0"," ","  55.8"," ","99.99"," ","999.9","010000"
"02768099999","2021-08-20","61.2","26.05","92.0","HEINOLA ASEMANTAUS, FI","  57.5","23","  50.4","23","9999.9"," 0","999.9"," 0"," 26.9","23","999.9"," 0","999.9","999.9","  63.7"," ","  51.3","*","99.99"," ","999.9","010000"
"02768099999","2021-08-21","61.2","26.05","92.0","HEINOLA ASEMANTAUS, FI","  56.2","24","  51.8","22","9999.9"," 0","999.9"," 0"," 22.2","24","999.9"," 0","999.9","999.9","  65.5"," ","  49.8"," ","99.99"," ","999.9","010000"
"02768099999","2021-08-22","61.2","26.05","92.0","HEINOLA ASEMANTAUS, FI","  55.3","24","  53.4","24","9999.9"," 0","999.9"," 0"," 22.3","24","999.9"," 0","999.9","999.9","  61.5"," ","  51.1"," ","99.99"," ","999.9","010000"
"02768099999","2021-08-23","61.2","26.05","92.0","HEINOLA ASEMANTAUS, FI","  49.7","24","  44.2","24","9999.9"," 0","999.9"," 0"," 20.3","24","999.9"," 0","999.9","999.9","  56.5"," ","  45.9","*","99.99"," ","999.9","010000"
"02768099999","2021-08-24","61.2","26.05","92.0","HEINOLA ASEMANTAUS, FI","  49.5","24","  42.7","24","9999.9"," 0","999.9"," 0"," 25.2","24","999.9"," 0","999.9","999.9","  53.4"," ","  45.9"," ","99.99"," ","999.9","010000"
"02768099999","2021-08-25","61.2","26.05","92.0","HEINOLA ASEMANTAUS, FI","  51.4","24","  49.9","20","9999.9"," 0","999.9"," 0","  8.7","24","999.9"," 0","999.9","999.9","  53.1"," ","  48.0"," ","99.99"," ","999.9","010000"
"02768099999","2021-08-26","61.2","26.05","92.0","HEINOLA ASEMANTAUS, FI","  55.7","24","  50.2","21","9999.9"," 0","999.9"," 0"," 22.3","24","999.9"," 0","999.9","999.9","  62.1"," ","  52.2"," ","99.99"," ","999.9","010000"
"02768099999","2021-08-27","61.2","26.05","92.0","HEINOLA ASEMANTAUS, FI","  56.3","24","  48.3","24","9999.9"," 0","999.9"," 0"," 29.1","24","999.9"," 0","999.9","999.9","  60.1"," ","  52.9"," ","99.99"," ","999.9","010000"
"02768099999","2021-08-28","61.2","26.05","92.0","HEINOLA ASEMANTAUS, FI","  61.1","24","  53.4","24","9999.9"," 0","999.9"," 0"," 21.4","24","999.9"," 0","999.9","999.9","  70.2"," ","  54.5"," "," 0.00","I","999.9","000000"
"02768099999","2021-08-29","61.2","26.05","92.0","HEINOLA ASEMANTAUS, FI","  58.6","23","  50.1","23","9999.9"," 0","999.9"," 0"," 20.0","23","999.9"," 0","999.9","999.9","  70.0"," ","  46.8","*"," 0.00","I","999.9","000000"
"02768099999","2021-08-30","61.2","26.05","92.0","HEINOLA ASEMANTAUS, FI","  54.1","23","  47.1","21","9999.9"," 0","999.9"," 0"," 15.8","23","999.9"," 0","999.9","999.9","  66.7"," ","  44.6","*"," 0.00","I","999.9","000000"
"02768099999","2021-08-31","61.2","26.05","92.0","HEINOLA ASEMANTAUS, FI","  56.1","24","  45.6","22","9999.9"," 0","999.9"," 0"," 19.0","24","999.9"," 0","999.9","999.9","  69.3"," ","  40.5"," "," 0.00","I","999.9","000000"
"02768099999","2021-09-01","61.2","26.05","92.0","HEINOLA ASEMANTAUS, FI","  52.1","24","  42.5","24","9999.9"," 0","999.9"," 0"," 25.8","24","999.9"," 0","999.9","999.9","  59.7"," ","  46.8","*","99.99"," ","999.9","010000"
"02768099999","2021-09-02","61.2","26.05","92.0","HEINOLA ASEMANTAUS, FI","  49.9","24","  41.9","24","9999.9"," 0","999.9"," 0"," 24.1","24","999.9"," 0","999.9","999.9","  55.9"," ","  45.7"," ","99.99"," ","999.9","010000"
"02768099999","2021-09-03","61.2","26.05","92.0","HEINOLA ASEMANTAUS, FI","  47.9","24","  38.9","24","9999.9"," 0","999.9"," 0"," 29.4","24","999.9"," 0","999.9","999.9","  53.6"," ","  42.8"," ","99.99"," ","999.9","010000"
"02768099999","2021-09-04","61.2","26.05","92.0","HEINOLA ASEMANTAUS, FI","  47.1","24","  33.2","24","9999.9"," 0","999.9"," 0"," 29.2","24","999.9"," 0","999.9","999.9","  53.1"," ","  42.1","*"," 0.00","I","999.9","000000"
"02768099999","2021-09-05","61.2","26.05","92.0","HEINOLA ASEMANTAUS, FI","  49.3","24","  36.0","24","9999.9"," 0","999.9"," 0"," 29.9","24","999.9"," 0","999.9","999.9","  57.2"," ","  39.9"," ","99.99"," ","999.9","010000"
"02768099999","2021-09-06","61.2","26.05","92.0","HEINOLA ASEMANTAUS, FI","  48.9","24","  42.3","24","9999.9"," 0","999.9"," 0"," 24.6","24","999.9"," 0","999.9","999.9","  59.2"," ","  38.1"," "," 0.00","I","999.9","000000"
"02768099999","2021-09-07","61.2","26.05","92.0","HEINOLA ASEMANTAUS, FI","  53.0","24","  46.1","24","9999.9"," 0","999.9"," 0"," 25.2","24","999.9"," 0","999.9","999.9","  59.0"," ","  40.5"," ","99.99"," ","999.9","010000"
"02768099999","2021-09-08","61.2","26.05","92.0","HEINOLA ASEMANTAUS, FI","  59.2","24","  53.7","24","9999.9"," 0","999.9"," 0"," 22.9","24","999.9"," 0","999.9","999.9","  65.7"," ","  53.6","*","99.99"," ","999.9","010000"
"02768099999","2021-09-09","61.2","26.05","92.0","HEINOLA ASEMANTAUS, FI","  53.5","23","  52.0","22","9999.9"," 0","999.9"," 0"," 16.0","23","999.9"," 0","999.9","999.9","  59.7"," ","  45.0","*","99.99"," ","999.9","110000"
"02768099999","2021-09-10","61.2","26.05","92.0","HEINOLA ASEMANTAUS, FI","  51.2","24","  46.1","19","9999.9"," 0","999.9"," 0"," 15.1","24","999.9"," 0","999.9","999.9","  62.8"," ","  41.7"," "," 0.00","I","999.9","100000"
"02768099999","2021-09-11","61.2","26.05","92.0","HEINOLA ASEMANTAUS, FI","  53.9","24","  52.3","21","9999.9"," 0","999.9"," 0","  9.3","24","999.9"," 0","999.9","999.9","  59.9"," ","  43.5"," ","99.99"," ","999.9","010000"
"02768099999","2021-09-12","61.2","26.05","92.0","HEINOLA ASEMANTAUS, FI","  56.1","24","9999.9"," 0","9999.9"," 0","999.9"," 0","  3.0","24","999.9"," 0","999.9","999.9","  58.5","*","  54.1"," ","99.99"," ","999.9","110000"
"02768099999","2021-09-13","61.2","26.05","92.0","HEINOLA ASEMANTAUS, FI","  52.0","24","  42.6","21","9999.9"," 0","999.9"," 0"," 22.2","24","999.9"," 0","999.9","999.9","  58.6"," ","  46.4","*","99.99"," ","999.9","010000"
"02768099999","2021-09-14","61.2","26.05","92.0","HEINOLA ASEMANTAUS, FI","  46.1","24","  35.0","24","9999.9"," 0","999.9"," 0"," 30.7","24","999.9"," 0","999.9","999.9","  49.6"," ","  42.8","*"," 0.00","I","999.9","000000"
"02768099999","2021-09-15","61.2","26.05","92.0","HEINOLA ASEMANTAUS, FI","  43.8","24","  35.8","24","9999.9"," 0","999.9"," 0"," 26.3","24","999.9"," 0","999.9","999.9","  48.9"," ","  39.4"," ","99.99"," ","999.9","010000"
"02768099999","2021-09-16","61.2","26.05","92.0","HEINOLA ASEMANTAUS, FI","  43.8","22","  33.9","22","9999.9"," 0","999.9"," 0"," 26.1","22","999.9"," 0","999.9","999.9","  47.3"," ","  40.1"," "," 0.00","I","999.9","000000"
"02768099999","2021-09-17","61.2","26.05","92.0","HEINOLA ASEMANTAUS, FI","  45.1","22","  36.2","22","9999.9"," 0","999.9"," 0"," 25.5","22","999.9"," 0","999.9","999.9","  49.3"," ","  41.9"," ","99.99"," ","999.9","010000"
"02768099999","2021-09-18","61.2","26.05","92.0","HEINOLA ASEMANTAUS, FI","  46.0","24","  38.3","24","9999.9"," 0","999.9"," 0"," 25.2","24","999.9"," 0","999.9","999.9","  54.7"," ","  39.6","*","99.99"," ","999.9","010000"
"02768099999","2021-09-19","61.2","26.05","92.0","HEINOLA ASEMANTAUS, FI","  43.9","24","  34.9","24","9999.9"," 0","999.9"," 0"," 27.7","24","999.9"," 0","999.9","999.9","  47.7"," ","  39.0"," "," 0.00","I","999.9","000000"
"02768099999","2021-09-20","61.2","26.05","92.0","HEINOLA ASEMANTAUS, FI","  43.1","24","  32.8","24","9999.9"," 0","999.9"," 0"," 29.6","24","999.9"," 0","999.9","999.9","  51.3"," ","  37.4","*"," 0.00","I","999.9","000000"
"02768099999","2021-09-21","61.2","26.05","92.0","HEINOLA ASEMANTAUS, FI","  39.3","24","  34.7","24","9999.9"," 0","999.9"," 0"," 25.5","24","999.9"," 0","999.9","999.9","  46.4"," ","  30.2","*"," 0.00","I","999.9","000000"
"02768099999","2021-09-22","61.2","26.05","92.0","HEINOLA ASEMANTAUS, FI","  38.5","24","  33.8","22","9999.9"," 0","999.9"," 0"," 16.6","24","999.9"," 0","999.9","999.9","  53.4"," ","  27.5"," "," 0.00","I","999.9","100000"
"02768099999","2021-09-23","61.2","26.05","92.0","HEINOLA ASEMANTAUS, FI","  44.0","24","  39.0","24","9999.9"," 0","999.9"," 0"," 14.2","24","999.9"," 0","999.9","999.9","  50.4"," ","  32.2"," ","99.99"," ","999.9","110000"
"02768099999","2021-09-24","61.2","26.05","92.0","HEINOLA ASEMANTAUS, FI","  46.8","24","  39.2","23","9999.9"," 0","999.9"," 0"," 25.4","24","999.9"," 0","999.9","999.9","  49.3"," ","  44.8"," ","99.99"," ","999.9","010000"
"02768099999","2021-09-25","61.2","26.05","92.0","HEINOLA ASEMANTAUS, FI","  47.7","24","  45.6","24","9999.9"," 0","999.9"," 0"," 19.2","24","999.9"," 0","999.9","999.9","  50.9"," ","  45.0"," ","99.99"," ","999.9","010000"
"02768099999","2021-09-26","61.2","26.05","92.0","HEINOLA ASEMANTAUS, FI","  46.1","24","  41.1","23","9999.9"," 0","999.9"," 0"," 22.4","24","999.9"," 0","999.9","999.9","  55.8"," ","  36.5","*","99.99"," ","999.9","010000"
"02768099999","2021-09-27","61.2","26.05","92.0","HEINOLA ASEMANTAUS, FI","  43.9","24","  39.2","21","9999.9"," 0","999.9"," 0"," 11.3","24","999.9"," 0","999.9","999.9","  59.9"," ","  34.2"," "," 0.00","I","999.9","100000"
"02768099999","2021-09-28","61.2","26.05","92.0","HEINOLA ASEMANTAUS, FI","  43.6","24","  40.7","22","9999.9"," 0","999.9"," 0"," 10.9","24","999.9"," 0","999.9","999.9","  52.2"," ","  33.6"," "," 0.00","I","999.9","100000"
"02768099999","2021-09-29","61.2","26.05","92.0","HEINOLA ASEMANTAUS, FI","  47.4","24","  43.2","24","9999.9"," 0","999.9"," 0"," 15.7","24","999.9"," 0","999.9","999.9","  50.9"," ","  43.3"," ","99.99"," ","999.9","010000"
"02768099999","2021-09-30","61.2","26.05","92.0","HEINOLA ASEMANTAUS, FI","  46.8","24","  40.4","24","9999.9"," 0","999.9"," 0"," 16.7","24","999.9"," 0","999.9","999.9","  49.5"," ","  45.0","*"," 0.00","I","999.9","000000"
"02768099999","2021-10-01","61.2","26.05","92.0","HEINOLA ASEMANTAUS, FI","  46.3","24","  45.0","24","9999.9"," 0","999.9"," 0","  7.6","24","999.9"," 0","999.9","999.9","  48.2"," ","  40.3"," "," 0.00","I","999.9","000000"
"02768099999","2021-10-02","61.2","26.05","92.0","HEINOLA ASEMANTAUS, FI","  47.7","24","  44.2","23","9999.9"," 0","999.9"," 0"," 10.2","24","999.9"," 0","999.9","999.9","  57.0"," ","  41.4","*","99.99"," ","999.9","010000"
"02768099999","2021-10-03","61.2","26.05","92.0","HEINOLA ASEMANTAUS, FI","  49.7","24","  43.5","22","9999.9"," 0","999.9"," 0"," 11.8","24","999.9"," 0","999.9","999.9","  58.6"," ","  41.2"," "," 0.00","I","999.9","000000"
"02768099999","2021-10-04","61.2","26.05","92.0","HEINOLA ASEMANTAUS, FI","  51.9","24","  43.1","24","9999.9"," 0","999.9"," 0"," 14.6","24","999.9"," 0","999.9","999.9","  57.2"," ","  47.3"," "," 0.00","I","999.9","000000"
"02768099999","2021-10-05","61.2","26.05","92.0","HEINOLA ASEMANTAUS, FI","  49.1","24","  45.2","22","9999.9"," 0","999.9"," 0"," 10.3","24","999.9"," 0","999.9","999.9","  53.2"," ","  47.3","*","99.99"," ","999.9","010000"
"02768099999","2021-10-06","61.2","26.05","92.0","HEINOLA ASEMANTAUS, FI","  51.4","24","  43.2","24","9999.9"," 0","999.9"," 0"," 14.7","24","999.9"," 0","999.9","999.9","  55.6"," ","  47.1"," "," 0.00","I","999.9","000000"
"02768099999","2021-10-07","61.2","26.05","92.0","HEINOLA ASEMANTAUS, FI","  50.1","24","  45.9","24","9999.9"," 0","999.9"," 0"," 11.5","24","999.9"," 0","999.9","999.9","  54.9"," ","  48.4"," ","99.99"," ","999.9","010000"
"02768099999","2021-10-08","61.2","26.05","92.0","HEINOLA ASEMANTAUS, FI","  51.7","24","  49.0","24","9999.9"," 0","999.9"," 0"," 13.8","24","999.9"," 0","999.9","999.9","  55.0"," ","  50.0"," ","99.99"," ","999.9","010000"
"02768099999","2021-10-09","61.2","26.05","92.0","HEINOLA ASEMANTAUS, FI","  52.6","24","  51.9","23","9999.9"," 0","999.9"," 0"," 13.8","24","999.9"," 0","999.9","999.9","  55.0"," ","  50.0"," ","99.99"," ","999.9","010000"
"02768099999","2021-10-10","61.2","26.05","92.0","HEINOLA ASEMANTAUS, FI","  51.7","24","  47.7","23","9999.9"," 0","999.9"," 0"," 13.3","24","999.9"," 0","999.9","999.9","  55.2"," ","  49.3","*","99.99"," ","999.9","010000"
"02768099999","2021-10-11","61.2","26.05","92.0","HEINOLA ASEMANTAUS, FI","  49.1","24","  41.4","24","9999.9"," 0","999.9"," 0"," 17.4","24","999.9"," 0","999.9","999.9","  54.1"," ","  45.0","*","99.99"," ","999.9","010000"
"02768099999","2021-10-12","61.2","26.05","92.0","HEINOLA ASEMANTAUS, FI","  44.4","24","  42.8","24","9999.9"," 0","999.9"," 0"," 17.3","24","999.9"," 0","999.9","999.9","  48.6"," ","  41.0","*","99.99"," ","999.9","010000"
"02768099999","2021-10-13","61.2","26.05","92.0","HEINOLA ASEMANTAUS, FI","  41.4","24","  39.3","23","9999.9"," 0","999.9"," 0"," 17.6","24","999.9"," 0","999.9","999.9","  46.2"," ","  32.9","*","99.99"," ","999.9","110000"
"02768099999","2021-10-14","61.2","26.05","92.0","HEINOLA ASEMANTAUS, FI","  40.1","24","  35.5","22","9999.9"," 0","999.9"," 0"," 22.0","24","999.9"," 0","999.9","999.9","  47.3","*","  31.1"," "," 0.00","I","999.9","100000"
"02768099999","2021-10-15","61.2","26.05","92.0","HEINOLA ASEMANTAUS, FI","  44.2","24","  42.2","22","9999.9"," 0","999.9"," 0"," 14.6","24","999.9"," 0","999.9","999.9","  48.2"," ","  38.7","*","99.99"," ","999.9","010000"
"02768099999","2021-10-16","61.2","26.05","92.0","HEINOLA ASEMANTAUS, FI","  40.9","24","  31.9","24","9999.9"," 0","999.9"," 0"," 29.2","24","999.9"," 0","999.9","999.9","  46.4"," ","  37.6"," ","99.99"," ","999.9","010000"
"02768099999","2021-10-17","61.2","26.05","92.0","HEINOLA ASEMANTAUS, FI","  39.9","24","  30.2","24","9999.9"," 0","999.9"," 0"," 28.2","24","999.9"," 0","999.9","999.9","  45.0"," ","  36.0","*","99.99"," ","999.9","010000"
"02768099999","2021-10-18","61.2","26.05","92.0","HEINOLA ASEMANTAUS, FI","  38.5","24","  33.0","24","9999.9"," 0","999.9"," 0"," 23.2","24","999.9"," 0","999.9","999.9","  41.7"," ","  34.9","*","99.99"," ","999.9","010000"
"02768099999","2021-10-19","61.2","26.05","92.0","HEINOLA ASEMANTAUS, FI","  33.7","24","  25.2","24","9999.9"," 0","999.9"," 0"," 24.1","24","999.9"," 0","999.9","999.9","  38.7"," ","  27.7"," ","99.99"," ","  0.4","010000"
"02768099999","2021-10-20","61.2","26.05","92.0","HEINOLA ASEMANTAUS, FI","  42.7","24","  42.4","21","9999.9"," 0","999.9"," 0","  8.4","24","999.9"," 0","999.9","999.9","  53.6","*","  28.0"," "," 0.39","F","999.9","011000"
"02768099999","2021-10-21","61.2","26.05","92.0","HEINOLA ASEMANTAUS, FI","  49.5","24","  45.3","21","9999.9"," 0","999.9"," 0"," 17.3","24","999.9"," 0","999.9","999.9","  53.6"," ","  45.5","*"," 0.19","E","999.9","010000"
"02768099999","2021-10-22","61.2","26.05","92.0","HEINOLA ASEMANTAUS, FI","  39.9","24","  39.5","23","9999.9"," 0","999.9"," 0","  8.6","24","999.9"," 0","999.9","999.9","  48.7"," ","  34.2","*","99.99"," ","999.9","011000"
"02768099999","2021-10-23","61.2","26.05","92.0","HEINOLA ASEMANTAUS, FI","  33.4","24","  30.7","22","9999.9"," 0","999.9"," 0"," 15.6","24","999.9"," 0","999.9","999.9","  36.3"," ","  31.3","*","99.99"," ","999.9","011000"
"02768099999","2021-10-24","61.2","26.05","92.0","HEINOLA ASEMANTAUS, FI","  33.1","24","  27.0","24","9999.9"," 0","999.9"," 0"," 21.7","24","999.9"," 0","999.9","999.9","  40.5","*","  28.2"," "," 0.02","F","999.9","011000"
"02768099999","2021-10-25","61.2","26.05","92.0","HEINOLA ASEMANTAUS, FI","  45.7","24","  40.9","24","9999.9"," 0","999.9"," 0"," 17.9","24","999.9"," 0","999.9","999.9","  47.8"," ","  32.2"," ","99.99"," ","999.9","010000"
"02768099999","2021-10-26","61.2","26.05","92.0","HEINOLA ASEMANTAUS, FI","  46.1","24","  41.9","23","9999.9"," 0","999.9"," 0"," 14.1","24","999.9"," 0","999.9","999.9","  48.4"," ","  43.5"," "," 0.00","E","999.9","010000"
"02768099999","2021-10-27","61.2","26.05","92.0","HEINOLA ASEMANTAUS, FI","  44.1","24","  42.1","23","9999.9"," 0","999.9"," 0"," 17.5","24","999.9"," 0","999.9","999.9","  46.8"," ","  42.6"," "," 0.20","E","999.9","010000"
"02768099999","2021-10-28","61.2","26.05","92.0","HEINOLA ASEMANTAUS, FI","  45.4","24","  44.7","21","9999.9"," 0","999.9"," 0"," 13.4","24","999.9"," 0","999.9","999.9","  52.0","*","  42.4"," "," 0.04","F","999.9","010000"
"02768099999","2021-10-29","61.2","26.05","92.0","HEINOLA ASEMANTAUS, FI","  50.2","24","  46.3","24","9999.9"," 0","999.9"," 0"," 12.2","24","999.9"," 0","999.9","999.9","  54.3"," ","  47.7"," ","99.99"," ","999.9","010000"
"02768099999","2021-10-30","61.2","26.05","92.0","HEINOLA ASEMANTAUS, FI","  46.8","24","  41.0","24","9999.9"," 0","999.9"," 0","  8.0","24","999.9"," 0","999.9","999.9","  48.4"," ","  45.3"," "," 0.00","I","999.9","000000"
"02768099999","2021-10-31","61.2","26.05","92.0","HEINOLA ASEMANTAUS, FI","  46.5","24","  42.0","24","9999.9"," 0","999.9"," 0","  6.3","24","999.9"," 0","999.9","999.9","  49.1","*","  44.8"," "," 0.00","I","999.9","000000"
"02768099999","2021-11-01","61.2","26.05","92.0","HEINOLA ASEMANTAUS, FI","  45.6","24","  44.3","22","9999.9"," 0","999.9"," 0","  5.9","24","999.9"," 0","999.9","999.9","  49.3"," ","  41.4"," "," 0.00","I","999.9","000000"
"02768099999","2021-11-02","61.2","26.05","92.0","HEINOLA ASEMANTAUS, FI","  42.9","24","  41.7","24","9999.9"," 0","999.9"," 0","  5.2","24","999.9"," 0","999.9","999.9","  47.3"," ","  41.0"," "," 0.00","I","999.9","000000"
"02768099999","2021-11-03","61.2","26.05","92.0","HEINOLA ASEMANTAUS, FI","  42.3","24","  39.9","21","9999.9"," 0","999.9"," 0","  5.4","24","999.9"," 0","999.9","999.9","  44.2"," ","  41.0"," ","99.99"," ","999.9","010000"
"02768099999","2021-11-04","61.2","26.05","92.0","HEINOLA ASEMANTAUS, FI","  44.0","24","  43.6","20","9999.9"," 0","999.9"," 0"," 11.7","24","999.9"," 0","999.9","999.9","  46.8"," ","  38.7","*","99.99"," ","999.9","110000"
"02768099999","2021-11-05","61.2","26.05","92.0","HEINOLA ASEMANTAUS, FI","  41.0","24","  40.7","24","9999.9"," 0","999.9"," 0"," 12.9","24","999.9"," 0","999.9","999.9","  42.8"," ","  37.2"," "," 0.08","E","999.9","010000"
"02768099999","2021-11-06","61.2","26.05","92.0","HEINOLA ASEMANTAUS, FI","  39.1","24","  36.6","24","9999.9"," 0","999.9"," 0"," 28.3","24","999.9"," 0","999.9","999.9","  40.8"," ","  36.0","*","99.99"," ","  0.4","010000"
"02768099999","2021-11-07","61.2","26.05","92.0","HEINOLA ASEMANTAUS, FI","  35.4","24","  33.6","23","9999.9"," 0","999.9"," 0"," 28.7","24","999.9"," 0","999.9","999.9","  38.3"," ","  34.2"," ","99.99"," ","999.9","010000"
"02768099999","2021-11-08","61.2","26.05","92.0","HEINOLA ASEMANTAUS, FI","  31.0","24","  25.9","24","9999.9"," 0","999.9"," 0"," 24.9","24","999.9"," 0","999.9","999.9","  35.2"," ","  27.1","*","99.99"," ","999.9","011000"
"02768099999","2021-11-09","61.2","26.05","92.0","HEINOLA ASEMANTAUS, FI","  31.2","24","  28.1","24","9999.9"," 0","999.9"," 0"," 20.9","24","999.9"," 0","999.9","999.9","  39.2","*","  23.9"," ","99.99"," ","999.9","011000"
"02768099999","2021-11-10","61.2","26.05","92.0","HEINOLA ASEMANTAUS, FI","  43.9","24","  42.9","23","9999.9"," 0","999.9"," 0"," 16.9","24","999.9"," 0","999.9","999.9","  47.3"," ","  36.0"," ","99.99"," ","999.9","010000"
"02768099999","2021-11-11","61.2","26.05","92.0","HEINOLA ASEMANTAUS, FI","  39.9","24","  36.5","24","9999.9"," 0","999.9"," 0"," 25.7","24","999.9"," 0","999.9","999.9","  47.1"," ","  37.2"," ","99.99"," ","999.9","010000"
"02768099999","2021-11-12","61.2","26.05","92.0","HEINOLA ASEMANTAUS, FI","  38.1","23","  34.2","23","9999.9"," 0","999.9"," 0"," 25.3","23","999.9"," 0","999.9","999.9","  42.1"," ","  36.9"," ","99.99"," ","999.9","010000"
"02768099999","2021-11-13","61.2","26.05","92.0","HEINOLA ASEMANTAUS, FI","  35.2","24","  31.9","24","9999.9"," 0","999.9"," 0"," 28.3","24","999.9"," 0","999.9","999.9","  38.1"," ","  34.2"," "," 0.00","I","  0.4","000000"
"02768099999","2021-11-14","61.2","26.05","92.0","HEINOLA ASEMANTAUS, FI","  31.2","24","  28.2","24","9999.9"," 0","999.9"," 0"," 31.1","24","999.9"," 0","999.9","999.9","  34.9"," ","  28.4","*"," 0.00","I","  0.4","000000"
"02768099999","2021-11-15","61.2","26.05","92.0","HEINOLA ASEMANTAUS, FI","  31.9","24","  30.2","24","9999.9"," 0","999.9"," 0"," 24.2","24","999.9"," 0","999.9","999.9","  40.3","*","  25.9"," ","99.99"," ","  0.4","001000"
"02768099999","2021-11-16","61.2","26.05","92.0","HEINOLA ASEMANTAUS, FI","  39.7","23","  37.7","23","9999.9"," 0","999.9"," 0"," 17.1","23","999.9"," 0","999.9","999.9","  41.0","*","  36.5"," ","99.99"," ","999.9","010000"
"02768099999","2021-11-17","61.2","26.05","92.0","HEINOLA ASEMANTAUS, FI","  40.0","24","  39.4","23","9999.9"," 0","999.9"," 0"," 12.4","24","999.9"," 0","999.9","999.9","  41.4"," ","  38.5"," ","99.99"," ","999.9","011000"
"02768099999","2021-11-18","61.2","26.05","92.0","HEINOLA ASEMANTAUS, FI","  38.1","23","  35.7","21","9999.9"," 0","999.9"," 0"," 17.8","23","999.9"," 0","999.9","999.9","  40.3"," ","  35.1","*","99.99"," ","  0.4","010000"
"02768099999","2021-11-19","61.2","26.05","92.0","HEINOLA ASEMANTAUS, FI","  34.8","24","  32.3","23","9999.9"," 0","999.9"," 0"," 21.6","24","999.9"," 0","999.9","999.9","  36.9"," ","  32.2","*","99.99"," ","  0.8","011000"
"02768099999","2021-11-20","61.2","26.05","92.0","HEINOLA ASEMANTAUS, FI","  35.9","24","  31.5","24","9999.9"," 0","999.9"," 0"," 29.0","24","999.9"," 0","999.9","999.9","  37.4"," ","  32.2"," ","99.99"," ","999.9","010000"
"02768099999","2021-11-21","61.2","26.05","92.0","HEINOLA ASEMANTAUS, FI","  30.1","24","  23.6","24","9999.9"," 0","999.9"," 0"," 28.3","24","999.9"," 0","999.9","999.9","  36.7"," ","  26.2","*","99.99"," ","999.9","001000"
"02768099999","2021-11-22","61.2","26.05","92.0","HEINOLA ASEMANTAUS, FI","  25.4","24","  21.9","24","9999.9"," 0","999.9"," 0"," 22.8","24","999.9"," 0","999.9","999.9","  28.0"," ","  21.9"," "," 0.00","I","999.9","000000"
"02768099999","2021-11-23","61.2","26.05","92.0","HEINOLA ASEMANTAUS, FI","  28.4","23","  27.5","23","9999.9"," 0","999.9"," 0"," 10.0","23","999.9"," 0","999.9","999.9","  30.2"," ","  23.4"," "," 0.17","E","999.9","011000"
"02768099999","2021-11-24","61.2","26.05","92.0","HEINOLA ASEMANTAUS, FI","  33.4","24","  28.9","22","9999.9"," 0","999.9"," 0"," 24.6","24","999.9"," 0","999.9","999.9","  38.1"," ","  26.8"," ","99.99"," ","  2.0","011000"
"02768099999","2021-11-25","61.2","26.05","92.0","HEINOLA ASEMANTAUS, FI","  33.9","24","  33.0","24","9999.9"," 0","999.9"," 0"," 19.4","24","999.9"," 0","999.9","999.9","  39.2"," ","  28.2"," "," 0.01","E","  2.4","011000"
"02768099999","2021-11-26","61.2","26.05","92.0","HEINOLA ASEMANTAUS, FI","  24.4","24","  21.5","24","9999.9"," 0","999.9"," 0"," 26.3","24","999.9"," 0","999.9","999.9","  34.2"," ","  11.8","*"," 0.02","E","  2.4","001000"
"02768099999","2021-11-27","61.2","26.05","92.0","HEINOLA ASEMANTAUS, FI","  14.7","24","  12.6","24","9999.9"," 0","999.9"," 0"," 24.6","24","999.9"," 0","999.9","999.9","  20.5"," ","   8.1"," ","99.99"," ","  2.4","001000"
"02768099999","2021-11-28","61.2","26.05","92.0","HEINOLA ASEMANTAUS, FI","  16.1","24","  12.1","24","9999.9"," 0","999.9"," 0"," 28.3","24","999.9"," 0","999.9","999.9","  17.6"," ","  14.0","*","99.99"," ","  2.4","001000"
"02768099999","2021-11-29","61.2","26.05","92.0","HEINOLA ASEMANTAUS, FI","  15.4","24","  11.8","24","9999.9"," 0","999.9"," 0"," 18.3","24","999.9"," 0","999.9","999.9","  18.3"," ","  12.0"," ","99.99"," ","999.9","001000"
"02768099999","2021-11-30","61.2","26.05","92.0","HEINOLA ASEMANTAUS, FI","  16.4","24","  11.8","24","9999.9"," 0","999.9"," 0","  9.7","24","999.9"," 0","999.9","999.9","  18.1","*","  14.0"," "," 0.04","E","999.9","001000"
"02768099999","2021-12-01","61.2","26.05","92.0","HEINOLA ASEMANTAUS, FI","  18.8","24","  12.6","24","9999.9"," 0","999.9"," 0"," 17.5","24","999.9"," 0","999.9","999.9","  21.6"," ","  16.0","*","99.99"," ","  3.5","001000"
"02768099999","2021-12-02","61.2","26.05","92.0","HEINOLA ASEMANTAUS, FI","  13.7","24","  10.3","24","9999.9"," 0","999.9"," 0"," 19.3","24","999.9"," 0","999.9","999.9","  19.2"," ","   7.3","*","99.99"," ","  3.9","001000"
"02768099999","2021-12-03","61.2","26.05","92.0","HEINOLA ASEMANTAUS, FI","  13.4","23","  10.3","23","9999.9"," 0","999.9"," 0","  5.9","23","999.9"," 0","999.9","999.9","  22.3","*","   5.2"," ","99.99"," ","  3.9","001000"
"02768099999","2021-12-04","61.2","26.05","92.0","HEINOLA ASEMANTAUS, FI","   9.7","24","   4.5","24","9999.9"," 0","999.9"," 0"," 20.2","24","999.9"," 0","999.9","999.9","  22.5"," ","   1.4","*","99.99"," ","  3.9","001000"
"02768099999","2021-12-05","61.2","26.05","92.0","HEINOLA ASEMANTAUS, FI","  -1.5","24","  -6.5","24","9999.9"," 0","999.9"," 0"," 25.5","24","999.9"," 0","999.9","999.9","   4.3"," ","  -4.5"," ","99.99"," ","999.9","001000"
"02768099999","2021-12-06","61.2","26.05","92.0","HEINOLA ASEMANTAUS, FI","   7.5","24","   3.5","24","9999.9"," 0","999.9"," 0","  4.2","24","999.9"," 0","999.9","999.9","  13.5"," ","  -4.4"," "," 0.01","F","999.9","001000"
"02768099999","2021-12-07","61.2","26.05","92.0","HEINOLA ASEMANTAUS, FI","   3.0","24","  -1.4","24","9999.9"," 0","999.9"," 0","  8.3","24","999.9"," 0","999.9","999.9","  10.6"," ","  -5.6","*","99.99"," ","  4.7","001000"
"02768099999","2021-12-08","61.2","26.05","92.0","HEINOLA ASEMANTAUS, FI","  -3.3","24","  -8.1","24","9999.9"," 0","999.9"," 0"," 10.9","24","999.9"," 0","999.9","999.9","   1.4"," ","  -7.8","*","99.99"," ","  4.7","001000"
"02768099999","2021-12-09","61.2","26.05","92.0","HEINOLA ASEMANTAUS, FI","   4.1","24","  -0.0","24","9999.9"," 0","999.9"," 0"," 16.1","24","999.9"," 0","999.9","999.9","  13.6","*","  -7.8"," ","99.99"," ","  4.3","001000"
"02768099999","2021-12-10","61.2","26.05","92.0","HEINOLA ASEMANTAUS, FI","  16.9","24","  13.8","24","9999.9"," 0","999.9"," 0"," 11.2","24","999.9"," 0","999.9","999.9","  19.0","*","   6.3"," ","99.99"," ","  3.9","001000"
"02768099999","2021-12-11","61.2","26.05","92.0","HEINOLA ASEMANTAUS, FI","  24.1","23","  23.7","23","9999.9"," 0","999.9"," 0","  6.0","23","999.9"," 0","999.9","999.9","  27.1","*","  18.0"," "," 0.01","E","  3.9","011000"
"02768099999","2021-12-12","61.2","26.05","92.0","HEINOLA ASEMANTAUS, FI","  29.4","24","  29.3","24","9999.9"," 0","999.9"," 0","  2.1","24","999.9"," 0","999.9","999.9","  30.7","*","  25.7"," ","99.99"," ","  5.1","111000"
"02768099999","2021-12-13","61.2","26.05","92.0","HEINOLA ASEMANTAUS, FI","  31.6","23","  31.6","22","9999.9"," 0","999.9"," 0","  4.7","23","999.9"," 0","999.9","999.9","  33.3","*","  29.3"," ","99.99"," ","  5.5","111000"
"02768099999","2021-12-14","61.2","26.05","92.0","HEINOLA ASEMANTAUS, FI","  33.4","24","9999.9"," 0","9999.9"," 0","999.9"," 0","  3.5","24","999.9"," 0","999.9","999.9","  35.1"," ","  32.2"," "," 0.51","E","  5.9","111000"
"02768099999","2021-12-15","61.2","26.05","92.0","HEINOLA ASEMANTAUS, FI","  34.1","24","  33.9","22","9999.9"," 0","999.9"," 0"," 12.3","24","999.9"," 0","999.9","999.9","  37.4"," ","  32.0"," ","99.99"," ","  5.1","010000"
"02768099999","2021-12-16","61.2","26.05","92.0","HEINOLA ASEMANTAUS, FI","  34.3","24","  33.4","21","9999.9"," 0","999.9"," 0"," 22.8","24","999.9"," 0","999.9","999.9","  37.4"," ","  32.4"," ","99.99"," ","  4.3","010000"
"02768099999","2021-12-17","61.2","26.05","92.0","HEINOLA ASEMANTAUS, FI","  32.4","24","  31.0","24","9999.9"," 0","999.9"," 0"," 28.5","24","999.9"," 0","999.9","999.9","  34.7"," ","  31.1","*","99.99"," ","  4.7","001000"
"02768099999","2021-12-18","61.2","26.05","92.0","HEINOLA ASEMANTAUS, FI","  34.2","24","  33.9","22","9999.9"," 0","999.9"," 0"," 18.5","24","999.9"," 0","999.9","999.9","  36.0"," ","  30.9"," ","99.99"," ","  3.5","011000"
"02768099999","2021-12-19","61.2","26.05","92.0","HEINOLA ASEMANTAUS, FI","  28.7","24","  24.3","24","9999.9"," 0","999.9"," 0"," 16.9","24","999.9"," 0","999.9","999.9","  36.0"," ","  18.5","*"," 0.04","E","  3.9","011000"
"02768099999","2021-12-20","61.2","26.05","92.0","HEINOLA ASEMANTAUS, FI","  12.5","24","   6.2","24","9999.9"," 0","999.9"," 0"," 17.0","24","999.9"," 0","999.9","999.9","  22.8"," ","   8.6"," ","99.99"," ","  3.9","001000"
"02768099999","2021-12-21","61.2","26.05","92.0","HEINOLA ASEMANTAUS, FI","   6.7","24","   2.1","24","9999.9"," 0","999.9"," 0"," 21.6","24","999.9"," 0","999.9","999.9","  15.1"," ","   3.4"," ","99.99"," ","  3.5","001000"
"02768099999","2021-12-22","61.2","26.05","92.0","HEINOLA ASEMANTAUS, FI","  11.4","24","   7.9","24","9999.9"," 0","999.9"," 0"," 17.3","24","999.9"," 0","999.9","999.9","  18.1","*","   5.5"," ","99.99"," ","  3.5","001000"
"02768099999","2021-12-23","61.2","26.05","92.0","HEINOLA ASEMANTAUS, FI","  25.9","24","  22.6","24","9999.9"," 0","999.9"," 0"," 14.3","24","999.9"," 0","999.9","999.9","  30.4"," ","  12.0"," "," 0.05","F","999.9","001000"
"02768099999","2021-12-24","61.2","26.05","92.0","HEINOLA ASEMANTAUS, FI","   8.5","23","   4.0","23","9999.9"," 0","999.9"," 0"," 18.5","23","999.9"," 0","999.9","999.9","  28.2"," ","   0.9","*"," 0.05","E","  5.9","001000"
"02768099999","2021-12-25","61.2","26.05","92.0","HEINOLA ASEMANTAUS, FI","   8.0","24","   3.9","24","9999.9"," 0","999.9"," 0","  9.5","24","999.9"," 0","999.9","999.9","  16.3"," ","  -0.0"," "," 0.07","E","999.9","001000"
"02768099999","2021-12-26","61.2","26.05","92.0","HEINOLA ASEMANTAUS, FI","   3.3","24","  -1.2","24","9999.9"," 0","999.9"," 0"," 20.6","24","999.9"," 0","999.9","999.9","  13.1","*","  -3.1"," ","99.99"," ","999.9","001000"
"02768099999","2021-12-27","61.2","26.05","92.0","HEINOLA ASEMANTAUS, FI","   4.1","23","   0.1","23","9999.9"," 0","999.9"," 0","  9.8","23","999.9"," 0","999.9","999.9","  12.9"," ","  -2.9","*","99.99"," ","999.9","001000"
"02768099999","2021-12-28","61.2","26.05","92.0","HEINOLA ASEMANTAUS, FI","  12.5","23","  10.1","23","9999.9"," 0","999.9"," 0","  6.8","23","999.9"," 0","999.9","999.9","  25.0"," ","  -5.4"," ","99.99"," ","999.9","001000"
"02768099999","2021-12-29","61.2","26.05","92.0","HEINOLA ASEMANTAUS, FI","  22.9","24","  20.8","24","9999.9"," 0","999.9"," 0"," 13.7","24","999.9"," 0","999.9","999.9","  24.3"," ","  21.0"," "," 0.02","E","999.9","001000"
"02768099999","2021-12-30","61.2","26.05","92.0","HEINOLA ASEMANTAUS, FI","  24.3","24","  24.0","24","9999.9"," 0","999.9"," 0","  6.7","24","999.9"," 0","999.9","999.9","  27.1","*","  22.5"," "," 0.02","E","999.9","011000"
"02768099999","2021-12-31","61.2","26.05","92.0","HEINOLA ASEMANTAUS, FI","  29.6","24","  27.9","24","9999.9"," 0","999.9"," 0"," 20.6","24","999.9"," 0","999.9","999.9","  32.4"," ","  24.6"," "," 0.11","E","999.9","001000"
