"STATION","DATE","LATITUDE","LONGITUDE","ELEVATION","NAME","TEMP","TEMP_ATTRIBUTES","DEWP","DEWP_ATTRIBUTES","SLP","SLP_ATTRIBUTES","STP","STP_ATTRIBUTES","VISIB","VISIB_ATTRIBUTES","WDSP","WDSP_ATTRIBUTES","MXSPD","GUST","MAX","MAX_ATTRIBUTES","MIN","MIN_ATTRIBUTES","PRCP","PRCP_ATTRIBUTES","SNDP","FRSHTT"
"36736099999","2021-01-01","46.65","82.75","441.0","BAHTY, KZ","   9.6"," 6","   8.1"," 6","1041.1"," 6","982.3"," 6","999.9"," 0","  1.9"," 5","  1.9","999.9","  14.0"," ","   5.5","*","99.99"," ","999.9","001000"
"36736099999","2021-01-02","46.65","82.75","441.0","BAHTY, KZ","  -7.4"," 7"," -10.4"," 7","1048.9"," 7","987.5"," 7","999.9"," 0","  3.3"," 7","  5.8","999.9","   7.0"," "," -20.0","*","99.99"," ","999.9","001000"
"36736099999","2021-01-03","46.65","82.75","441.0","BAHTY, KZ"," -17.3"," 8"," -20.9"," 8","1053.4"," 8","990.4"," 8","999.9"," 0","  2.7"," 5","  3.9","999.9","   4.6"," "," -26.5","*"," 0.00","I","  3.5","000000"
"36736099999","2021-01-04","46.65","82.75","441.0","BAHTY, KZ","  -3.2"," 8"," -11.2"," 8","1051.3"," 8","990.3"," 8","999.9"," 0","  4.4"," 8","  7.8","999.9","   8.8"," "," -26.9"," "," 0.00","I","  3.5","000000"
"36736099999","2021-01-05","46.65","82.75","441.0","BAHTY, KZ","   8.6"," 8","  -4.0"," 8","1040.8"," 8","981.9"," 8","999.9"," 0","  8.7"," 8"," 15.5","999.9","  18.7"," ","  -8.1"," "," 0.00","I","  3.5","000000"
"36736099999","2021-01-06","46.65","82.75","441.0","BAHTY, KZ","  11.2"," 8","  -2.1"," 8","1041.5"," 8","982.8"," 8","999.9"," 0"," 12.9"," 8"," 19.4","999.9","  18.1"," ","  -0.9","*"," 0.00","I","  2.8","000000"
"36736099999","2021-01-07","46.65","82.75","441.0","BAHTY, KZ","  -6.2"," 8","  -9.7"," 8","1045.4"," 8","984.3"," 8","999.9"," 0","  1.9"," 5","  1.9","999.9","   5.9"," "," -17.1","*"," 0.00","I","  2.0","000000"
"36736099999","2021-01-08","46.65","82.75","441.0","BAHTY, KZ","  -5.1"," 8","  -7.5"," 8","1049.6"," 8","988.4"," 8","999.9"," 0","  2.3"," 6","  3.9","999.9","   2.1"," "," -17.5"," "," 0.00","I","  2.0","000000"
"36736099999","2021-01-09","46.65","82.75","441.0","BAHTY, KZ","  -6.5"," 8"," -10.2"," 8","1052.9"," 8","991.3"," 8","999.9"," 0","  2.5"," 7","  3.9","999.9","   8.8"," "," -15.0","*"," 0.00","I","  2.0","000000"
"36736099999","2021-01-10","46.65","82.75","441.0","BAHTY, KZ","   1.8"," 8","  -2.0"," 8","1043.7"," 8","983.7"," 8","999.9"," 0","  2.9"," 6","  3.9","999.9","  16.0"," "," -15.3"," "," 0.00","I","  2.0","000000"
"36736099999","2021-01-11","46.65","82.75","441.0","BAHTY, KZ","   6.3"," 8","   1.7"," 8","1030.3"," 8","971.7"," 8","999.9"," 0","  2.9"," 8","  3.9","999.9","  24.8"," ","  -4.9"," "," 0.00","I","  2.0","000000"
"36736099999","2021-01-12","46.65","82.75","441.0","BAHTY, KZ","  12.9"," 7","   8.3"," 7","1022.8"," 7","965.4"," 7","999.9"," 0","  2.2"," 7","  3.9","999.9","  23.2"," ","  -4.2"," ","99.99"," ","  2.0","001000"
"36736099999","2021-01-13","46.65","82.75","441.0","BAHTY, KZ","  16.2"," 6","  13.1"," 6","1031.5"," 6","974.1"," 6","999.9"," 0","  5.2"," 6","  7.8","999.9","  22.3"," ","   8.4","*","99.99"," ","999.9","001000"
"36736099999","2021-01-14","46.65","82.75","441.0","BAHTY, KZ","  -7.2"," 7"," -11.2"," 7","1045.7"," 7","984.5"," 7","999.9"," 0","  3.9"," 6","  5.8","999.9","   8.2"," "," -20.7","*","99.99"," ","999.9","001000"
"36736099999","2021-01-15","46.65","82.75","441.0","BAHTY, KZ"," -11.8"," 8"," -16.1"," 8","1046.3"," 8","984.5"," 8","999.9"," 0","  2.8"," 7","  3.9","999.9","   5.9"," "," -21.6"," "," 0.00","I","  6.7","000000"
"36736099999","2021-01-16","46.65","82.75","441.0","BAHTY, KZ","  24.6"," 8","   6.7"," 8","1030.0"," 8","973.6"," 8","999.9"," 0"," 12.9"," 8"," 19.4","999.9","  31.3"," ","  17.6","*"," 0.00","I","  5.5","000000"
"36736099999","2021-01-17","46.65","82.75","441.0","BAHTY, KZ","  13.6"," 8","   5.4"," 8","1025.4"," 8","967.9"," 8","999.9"," 0","  3.6"," 7","  5.8","999.9","  30.9"," ","   0.5","*"," 0.00","I","  4.3","000000"
"36736099999","2021-01-18","46.65","82.75","441.0","BAHTY, KZ","   8.9"," 8","   5.1"," 8","1021.0"," 8","963.3"," 8","999.9"," 0","  3.6"," 7","  5.8","999.9","  28.4"," ","  -0.9","*"," 0.00","I","  4.3","000000"
"36736099999","2021-01-19","46.65","82.75","441.0","BAHTY, KZ","  14.8"," 8","  11.6"," 8","1021.5"," 8","964.4"," 8","999.9"," 0","  2.7"," 5","  5.8","999.9","  25.0","*","  -1.1"," "," 0.00","I","  4.3","000000"
"36736099999","2021-01-20","46.65","82.75","441.0","BAHTY, KZ","  28.0"," 7","  26.3"," 7","1025.4"," 7","969.7"," 7","999.9"," 0","  2.9"," 6","  3.9","999.9","  31.8","*","  18.0"," ","99.99"," ","  4.3","001000"
"36736099999","2021-01-21","46.65","82.75","441.0","BAHTY, KZ","  33.0"," 7","  24.6"," 7","1015.0"," 7","960.4"," 7","999.9"," 0","  5.6"," 7","  9.7","999.9","  39.2"," ","  20.8","*"," 0.00","I","999.9","000000"
"36736099999","2021-01-22","46.65","82.75","441.0","BAHTY, KZ","  28.3"," 7","  24.4"," 7","1018.0"," 7","962.6"," 7","999.9"," 0","  6.7"," 7"," 11.7","999.9","  39.2"," ","   9.5","*","99.99"," ","  6.3","001000"
"36736099999","2021-01-23","46.65","82.75","441.0","BAHTY, KZ","   7.5"," 7","   4.1"," 7","1040.2"," 7","981.2"," 7","999.9"," 0","  2.3"," 5","  3.9","999.9","  13.5"," ","   3.0"," "," 0.00","I","999.9","000000"
"36736099999","2021-01-24","46.65","82.75","441.0","BAHTY, KZ","   9.6"," 6","   6.9"," 6","1041.7"," 6","982.8"," 6","999.9"," 0","  3.9"," 4","  5.8","999.9","  17.8"," ","  -3.5","*","99.99"," ","999.9","001000"
"36736099999","2021-01-25","46.65","82.75","441.0","BAHTY, KZ","   2.2"," 7","  -3.0"," 7","1042.6"," 7","982.7"," 7","999.9"," 0","  3.2"," 6","  5.8","999.9","  12.0"," "," -20.9"," "," 0.00","I"," 10.6","000000"
"36736099999","2021-01-26","46.65","82.75","441.0","BAHTY, KZ","   9.9"," 8","   5.2"," 8","1042.2"," 8","983.4"," 8","999.9"," 0","  1.9"," 4","  1.9","999.9","  14.7"," ","   1.9"," "," 0.00","I","  8.3","000000"
"36736099999","2021-01-27","46.65","82.75","441.0","BAHTY, KZ","   1.1"," 8","  -2.5"," 8","1042.5"," 8","982.5"," 8","999.9"," 0","  3.6"," 7","  5.8","999.9","  16.9"," ","  -7.6","*"," 0.00","I","  7.5","000000"
"36736099999","2021-01-28","46.65","82.75","441.0","BAHTY, KZ","   0.9"," 7","  -2.4"," 7","1042.8"," 7","982.8"," 7","999.9"," 0","  2.4"," 4","  3.9","999.9","  17.8"," ","  -9.0"," "," 0.00","I","  7.1","000000"
"36736099999","2021-01-29","46.65","82.75","441.0","BAHTY, KZ","   3.4"," 8","   0.5"," 8","1040.0"," 8","980.5"," 8","999.9"," 0","  2.9"," 4","  5.8","999.9","  22.5"," ","  -8.1"," "," 0.00","I","  7.1","000000"
"36736099999","2021-01-30","46.65","82.75","441.0","BAHTY, KZ","   4.5"," 8","   0.3"," 8","1032.9"," 8","973.9"," 8","999.9"," 0","  3.1"," 5","  3.9","999.9","  22.1"," ","  -4.4"," "," 0.00","I","  6.7","000000"
"36736099999","2021-01-31","46.65","82.75","441.0","BAHTY, KZ","  14.3"," 7","   7.5"," 7","1023.5"," 7","966.2"," 7","999.9"," 0","  5.0"," 7","  9.7","999.9","  40.5"," ","  -8.3"," "," 0.00","I","  6.7","000000"
"36736099999","2021-02-01","46.65","82.75","441.0","BAHTY, KZ","  14.7"," 8","   9.5"," 8","1028.2"," 8","970.7"," 8"," 31.1"," 4","  2.4"," 4","  3.9","999.9","  28.8"," ","   5.9","*"," 0.00","I","  6.3","000000"
"36736099999","2021-02-02","46.65","82.75","441.0","BAHTY, KZ","  20.9"," 7","  18.5"," 7","1034.1"," 7","977.0"," 7"," 23.9"," 4","  2.3"," 5","  3.9","999.9","  30.0"," ","   5.7"," ","99.99"," ","  5.9","001000"
"36736099999","2021-02-03","46.65","82.75","441.0","BAHTY, KZ","  20.4"," 8","  17.4"," 8","1036.1"," 8","978.9"," 8"," 23.5"," 4","  2.3"," 5","  3.9","999.9","  28.9"," ","  10.2"," "," 0.00","I","  5.9","100000"
"36736099999","2021-02-04","46.65","82.75","441.0","BAHTY, KZ","  12.2"," 8","   8.3"," 8","1031.9"," 8","973.9"," 8"," 31.1"," 4","999.9"," 0","999.9","999.9","  28.6"," ","   3.0","*"," 0.00","I","  5.9","000000"
"36736099999","2021-02-05","46.65","82.75","441.0","BAHTY, KZ","  12.4"," 8","   8.8"," 8","1028.7"," 8","970.9"," 8"," 31.1"," 4","  2.8"," 7","  3.9","999.9","  28.8"," ","   1.9"," "," 0.00","I","  5.9","000000"
"36736099999","2021-02-06","46.65","82.75","441.0","BAHTY, KZ","  14.9"," 8","   9.8"," 8","1024.9"," 8","967.6"," 8"," 31.1"," 4","  2.8"," 7","  3.9","999.9","  31.8"," ","   3.4","*"," 0.00","I","  5.9","000000"
"36736099999","2021-02-07","46.65","82.75","441.0","BAHTY, KZ","  26.0"," 7","  23.3"," 7","1027.7"," 7","971.6"," 7"," 23.9"," 4","  2.9"," 6","  5.8","999.9","  32.0"," ","   3.2"," ","99.99"," ","  5.9","001000"
"36736099999","2021-02-08","46.65","82.75","441.0","BAHTY, KZ","  32.4"," 8","  26.6"," 8","1017.5"," 8","962.6"," 8"," 31.1"," 4","  5.0"," 7","  9.7","999.9","  43.2"," ","  13.1"," ","99.99"," ","  6.7","010000"
"36736099999","2021-02-09","46.65","82.75","441.0","BAHTY, KZ","  24.2"," 5","  22.5"," 5","1026.8"," 5","970.5"," 5","999.9"," 0","999.9"," 0","999.9","999.9","  32.5","*","  17.6","*","99.99"," ","999.9","001000"
"36736099999","2021-02-13","46.65","82.75","441.0","BAHTY, KZ","   3.6"," 4","   2.7"," 4","1035.3"," 4","976.1"," 4","999.9"," 0","  3.9"," 4","  3.9","999.9","  25.0"," ","  -0.6","*"," 0.00","I","999.9","000000"
"36736099999","2021-02-14","46.65","82.75","441.0","BAHTY, KZ","  11.2"," 8","   7.2"," 8","1035.1"," 8","976.8"," 8"," 31.1"," 4","  3.6"," 6","  3.9","999.9","  33.6"," ","  -1.5"," "," 0.00","I","  7.1","000000"
"36736099999","2021-02-15","46.65","82.75","441.0","BAHTY, KZ","   8.6"," 8","   5.8"," 8","1033.5"," 8","975.0"," 8"," 31.1"," 4","  3.6"," 6","  3.9","999.9","  27.0"," ","  -1.3"," "," 0.00","I","  7.1","000000"
"36736099999","2021-02-16","46.65","82.75","441.0","BAHTY, KZ","  13.1"," 8","   9.5"," 8","1030.6"," 8","972.8"," 8"," 31.1"," 4","  2.6"," 6","  3.9","999.9","  32.7"," ","  -1.3"," "," 0.00","I","  7.1","000000"
"36736099999","2021-02-17","46.65","82.75","441.0","BAHTY, KZ","  18.6"," 8","  13.2"," 8","1028.3"," 8","971.3"," 8"," 31.1"," 4","  2.4"," 4","  3.9","999.9","  36.1"," ","   4.6"," "," 0.00","I","  7.1","000000"
"36736099999","2021-02-18","46.65","82.75","441.0","BAHTY, KZ","  31.6"," 8","  21.2"," 8","1020.9"," 8","965.7"," 8"," 31.1"," 4","  4.4"," 4","  7.8","999.9","  45.3","*","   8.1"," "," 0.00","I","  7.1","000000"
"36736099999","2021-02-19","46.65","82.75","441.0","BAHTY, KZ","  40.8"," 4","  26.7"," 4","1012.8"," 4","959.1"," 4","999.9"," 0","  5.3"," 4","  9.7","999.9","  42.3","*","  30.2"," "," 0.00","I","  6.3","000000"
"36736099999","2021-02-22","46.65","82.75","441.0","BAHTY, KZ","  25.9"," 7","  23.1"," 7","1030.7"," 7","974.4"," 7"," 31.1"," 4","999.9"," 0","999.9","999.9","  33.6"," ","  16.2"," ","99.99"," ","  5.9","001000"
"36736099999","2021-02-23","46.65","82.75","441.0","BAHTY, KZ","  29.0"," 7","  23.2"," 7","1022.3"," 7","966.9"," 7","999.9"," 0","  2.7"," 5","  3.9","999.9","  37.4"," ","  19.6"," "," 0.00","I","999.9","000000"
"36736099999","2021-02-24","46.65","82.75","441.0","BAHTY, KZ","  32.4"," 8","  26.9"," 8","1018.6"," 8","963.7"," 8"," 31.1"," 4","  3.9"," 8","  5.8","999.9","  38.3"," ","  25.2"," ","99.99"," ","  5.9","001000"
"36736099999","2021-02-25","46.65","82.75","441.0","BAHTY, KZ","  13.8"," 6","   9.2"," 6","1035.7"," 6","977.7"," 6","999.9"," 0","  4.4"," 4","  9.7","999.9","  28.8","*","   6.3","*","99.99"," ","999.9","001000"
"36736099999","2021-02-26","46.65","82.75","441.0","BAHTY, KZ","   3.7"," 7","  -2.9"," 7","1042.7"," 7","983.1"," 7","999.9"," 0","  2.9"," 4","  3.9","999.9","  11.3"," ","  -8.9","*","99.99"," ","999.9","001000"
"36736099999","2021-02-27","46.65","82.75","441.0","BAHTY, KZ","   4.2"," 8","  -1.9"," 8","1039.2"," 8","979.9"," 8","999.9"," 0","  2.3"," 5","  3.9","999.9","  14.9"," "," -11.0"," "," 0.00","I","  6.7","000000"
"36736099999","2021-02-28","46.65","82.75","441.0","BAHTY, KZ","  20.0"," 8","   6.5"," 8","1034.3"," 8","977.1"," 8"," 31.1"," 4","  6.1"," 7","  9.7","999.9","  30.2"," ","   4.1"," "," 0.00","I","  6.3","000000"
"36736099999","2021-03-01","46.65","82.75","441.0","BAHTY, KZ","  23.5"," 8","  14.6"," 8","1026.7"," 8","970.4"," 8"," 31.1"," 4","  2.5"," 7","  5.8","999.9","  32.9"," ","  17.6","*"," 0.00","I","  5.9","000000"
"36736099999","2021-03-02","46.65","82.75","441.0","BAHTY, KZ","  31.1"," 8","  23.2"," 8","1020.7"," 8","965.5"," 8"," 31.1"," 4","  2.3"," 5","  3.9","999.9","  42.8"," ","  16.2"," "," 0.00","I","  5.9","000000"
"36736099999","2021-03-03","46.65","82.75","441.0","BAHTY, KZ","  23.1"," 6","  20.6"," 6","1029.2"," 6","972.6"," 6","999.9"," 0","  4.9"," 6","  7.8","999.9","  32.4","*","   5.5","*","99.99"," ","999.9","001000"
"36736099999","2021-03-04","46.65","82.75","441.0","BAHTY, KZ","  24.5"," 8","  17.0"," 8","1027.2"," 8","970.9"," 8"," 31.1"," 4","  3.9"," 8","  5.8","999.9","  32.7"," ","   5.2"," "," 0.00","I","  6.3","000000"
"36736099999","2021-03-05","46.65","82.75","441.0","BAHTY, KZ","  29.7"," 6","  26.5"," 6","1032.5"," 6","976.5"," 6","999.9"," 0","  6.2"," 6"," 11.7","999.9","  35.1"," ","  23.9"," ","99.99"," ","999.9","001000"
"36736099999","2021-03-06","46.65","82.75","441.0","BAHTY, KZ","  30.9"," 8","  21.4"," 8","1024.0"," 8","968.6"," 8"," 31.1"," 4","  8.7"," 8"," 17.5","999.9","  39.6"," ","  15.4"," "," 0.00","I","  8.3","000000"
"36736099999","2021-03-07","46.65","82.75","441.0","BAHTY, KZ","  26.6"," 8","  20.7"," 8","1022.4"," 8","966.6"," 8"," 31.1"," 4","  3.2"," 6","  3.9","999.9","  39.6"," ","  13.3"," "," 0.00","I","  6.7","000000"
"36736099999","2021-03-08","46.65","82.75","441.0","BAHTY, KZ","  29.2"," 7","  24.4"," 7","1025.6"," 7","970.0"," 7"," 16.8"," 4","  3.1"," 5","  5.8","999.9","  34.7"," ","  14.7"," ","99.99"," ","  6.3","001000"
"36736099999","2021-03-09","46.65","82.75","441.0","BAHTY, KZ","  40.0"," 7","  31.6"," 7","1023.6"," 7","969.3"," 7","999.9"," 0","  4.4"," 7","  5.8","999.9","  45.9"," ","  31.8"," "," 0.00","I","999.9","000000"
"36736099999","2021-03-10","46.65","82.75","441.0","BAHTY, KZ","  41.1"," 8","  29.5"," 8","1017.0"," 8","963.1"," 8"," 31.1"," 4","  6.3"," 8","  9.7","999.9","  50.5"," ","  31.8"," "," 0.00","I","  5.5","000000"
"36736099999","2021-03-11","46.65","82.75","441.0","BAHTY, KZ","  29.9"," 5","  27.6"," 5","1026.1"," 5","970.5"," 5","999.9"," 0","  4.9"," 4","  7.8","999.9","  34.7"," ","  23.2","*"," 0.00","I","999.9","000000"
"36736099999","2021-03-12","46.65","82.75","441.0","BAHTY, KZ","  32.3"," 8","  27.8"," 8","1017.2"," 8","962.4"," 8"," 31.1"," 4","  3.5"," 5","  7.8","999.9","  50.0"," ","  19.8"," "," 0.00","I","  2.4","100000"
"36736099999","2021-03-13","46.65","82.75","441.0","BAHTY, KZ","  29.2"," 7","  27.5"," 7","1018.3"," 7","963.1"," 7"," 16.8"," 4","  3.3"," 7","  5.8","999.9","  36.9"," ","  20.1","*","99.99"," ","  0.8","001000"
"36736099999","2021-03-14","46.65","82.75","441.0","BAHTY, KZ","  24.8"," 7","  20.0"," 7","1023.6"," 7","967.6"," 7"," 23.9"," 4","  3.9"," 6","  5.8","999.9","  35.8"," ","  19.4","*","99.99"," ","  0.8","001000"
"36736099999","2021-03-15","46.65","82.75","441.0","BAHTY, KZ","  23.6"," 6","  19.2"," 6","1035.0"," 6","978.2"," 6","999.9"," 0","  3.6"," 6","  5.8","999.9","  32.4"," ","  18.7","*","99.99"," ","999.9","001000"
"36736099999","2021-03-16","46.65","82.75","441.0","BAHTY, KZ","  16.9"," 8","  12.6"," 8","1035.5"," 8","977.9"," 8"," 31.1"," 4","  3.2"," 6","  3.9","999.9","  24.8"," ","   9.9","*"," 0.00","I","  2.0","000000"
"36736099999","2021-03-17","46.65","82.75","441.0","BAHTY, KZ","  16.1"," 8","  12.0"," 8","1038.7"," 8","980.9"," 8"," 31.1"," 4","  2.7"," 8","  3.9","999.9","  25.7"," ","   7.9"," "," 0.00","I","  1.6","000000"
"36736099999","2021-03-18","46.65","82.75","441.0","BAHTY, KZ","  19.1"," 8","  14.7"," 8","1043.2"," 8","985.4"," 8"," 31.1"," 4","  4.2"," 6","  5.8","999.9","  27.0"," ","   4.6"," "," 0.00","I","  1.2","000000"
"36736099999","2021-03-19","46.65","82.75","441.0","BAHTY, KZ","  31.6"," 8","  18.4"," 8","1031.5"," 8","975.8"," 8"," 31.1"," 4"," 17.2"," 8"," 23.3","999.9","  38.7"," ","  15.4"," "," 0.00","I","  0.8","000000"
"36736099999","2021-03-20","46.65","82.75","441.0","BAHTY, KZ","  36.7"," 8","  20.4"," 8","1021.4"," 8","966.8"," 8"," 31.1"," 4"," 24.0"," 8"," 33.0","999.9","  41.7"," ","  30.7"," "," 0.00","I","  0.8","000000"
"36736099999","2021-03-21","46.65","82.75","441.0","BAHTY, KZ","  39.2"," 8","  22.9"," 8","1019.8"," 8","965.6"," 8"," 31.1"," 4","  9.5"," 8"," 17.5","999.9","  47.1"," ","  32.2","*"," 0.00","I","  0.4","000000"
"36736099999","2021-03-22","46.65","82.75","441.0","BAHTY, KZ","  42.5"," 8","  31.7"," 8","1021.0"," 8","967.1"," 8"," 31.1"," 4","  7.1"," 6","  9.7","999.9","  53.8"," ","  30.4"," "," 0.00","I","  0.4","000000"
"36736099999","2021-03-23","46.65","82.75","441.0","BAHTY, KZ","  50.0"," 8","  35.4"," 8","1013.4"," 8","960.6"," 8"," 31.1"," 4","  8.7"," 8"," 13.6","999.9","  59.4"," ","  38.8"," "," 0.00","I","999.9","000000"
"36736099999","2021-03-24","46.65","82.75","441.0","BAHTY, KZ","  34.6"," 7","  28.5"," 7","1027.3"," 7","972.2"," 7","999.9"," 0","  5.0"," 7"," 11.7","999.9","  41.0"," ","  29.7","*","99.99"," ","999.9","010000"
"36736099999","2021-03-25","46.65","82.75","441.0","BAHTY, KZ","  46.5"," 8","  31.5"," 8","1014.7"," 8","961.5"," 8"," 31.1"," 4","  7.2"," 7"," 15.5","999.9","  58.5"," ","  24.8"," "," 0.00","I","999.9","000000"
"36736099999","2021-03-26","46.65","82.75","441.0","BAHTY, KZ","  43.1"," 6","  40.7"," 6","1013.3"," 6","959.9"," 6","999.9"," 0","  3.5"," 5","  5.8","999.9","  45.5"," ","  41.0"," ","99.99"," ","999.9","010000"
"36736099999","2021-03-27","46.65","82.75","441.0","BAHTY, KZ","  46.8"," 6","  44.3"," 6","1013.9"," 6","960.9"," 6","999.9"," 0","  4.9"," 4","  5.8","999.9","  53.1"," ","  41.4"," ","99.99"," ","999.9","010000"
"36736099999","2021-03-28","46.65","82.75","441.0","BAHTY, KZ","  45.9"," 7","  44.2"," 7","1009.8"," 7","956.9"," 7"," 31.1"," 4","  2.9"," 6","  5.8","999.9","  48.0"," ","  41.0"," ","99.99"," ","999.9","010000"
"36736099999","2021-03-29","46.65","82.75","441.0","BAHTY, KZ","  40.7"," 6","  36.1"," 6","1022.2"," 6","968.0"," 6","999.9"," 0","  4.9"," 6","  9.7","999.9","  45.5"," ","  36.0","*"," 0.00","I","999.9","000000"
"36736099999","2021-03-30","46.65","82.75","441.0","BAHTY, KZ","  36.8"," 7","  27.6"," 7","1030.0"," 7","974.9"," 7","999.9"," 0","  4.2"," 6","  5.8","999.9","  46.9"," ","  30.0","*","99.99"," ","999.9","010000"
"36736099999","2021-03-31","46.65","82.75","441.0","BAHTY, KZ","  35.5"," 7","  28.6"," 7","1030.3"," 7","975.1"," 7","999.9"," 0","999.9"," 0","999.9","999.9","  43.3"," ","  29.3"," ","99.99"," ","999.9","001000"
"36736099999","2021-04-01","46.65","82.75","441.0","BAHTY, KZ","  39.0"," 8","  28.7"," 8","1028.4"," 8","973.7"," 8"," 31.1"," 5","  3.2"," 6","  5.8","999.9","  52.3"," ","  27.7"," "," 0.00","I","999.9","000000"
"36736099999","2021-04-02","46.65","82.75","441.0","BAHTY, KZ","  37.9"," 8","  32.1"," 8","1033.4"," 8","978.4"," 8"," 31.1"," 4","  3.6"," 7","  5.8","999.9","  48.4"," ","  27.9"," "," 0.00","I","999.9","000000"
"36736099999","2021-04-03","46.65","82.75","441.0","BAHTY, KZ","  45.0"," 8","  30.4"," 8","1025.7"," 8","971.8"," 8"," 31.1"," 5","  7.5"," 8"," 11.7","999.9","  57.2"," ","  29.7"," "," 0.00","I","999.9","000000"
"36736099999","2021-04-04","46.65","82.75","441.0","BAHTY, KZ","  51.8"," 8","  25.7"," 8","1015.5"," 8","962.8"," 8"," 31.1"," 5","  7.3"," 8","  9.7","999.9","  66.4"," ","  31.8"," "," 0.00","I","999.9","000000"
"36736099999","2021-04-05","46.65","82.75","441.0","BAHTY, KZ","  50.6"," 8","  37.2"," 8","1022.9"," 8","969.7"," 8"," 31.1"," 5","  6.1"," 7","  9.7","999.9","  61.5"," ","  41.7","*"," 0.00","I","999.9","000000"
"36736099999","2021-04-06","46.65","82.75","441.0","BAHTY, KZ","  49.3"," 8","  37.2"," 8","1026.5"," 8","973.0"," 8"," 31.1"," 5","  3.1"," 7","  3.9","999.9","  62.6"," ","  37.0","*"," 0.00","I","999.9","000000"
"36736099999","2021-04-07","46.65","82.75","441.0","BAHTY, KZ","  56.9"," 7","  37.9"," 7","1024.1"," 7","971.5"," 7"," 31.1"," 4","  4.2"," 7","  5.8","999.9","  69.1"," ","  31.8"," "," 0.00","I","999.9","000000"
"36736099999","2021-04-08","46.65","82.75","441.0","BAHTY, KZ","  54.5"," 8","  37.2"," 8","1023.9"," 8","971.0"," 8"," 31.1"," 5","  4.1"," 8","  5.8","999.9","  69.4"," ","  37.4"," "," 0.00","I","999.9","000000"
"36736099999","2021-04-09","46.65","82.75","441.0","BAHTY, KZ","  54.4"," 8","  33.5"," 8","1020.9"," 8","968.2"," 8"," 31.1"," 5","  3.2"," 6","  3.9","999.9","  71.2"," ","  33.6"," "," 0.00","I","999.9","000000"
"36736099999","2021-04-10","46.65","82.75","441.0","BAHTY, KZ","  53.0"," 8","  26.2"," 8","1020.1"," 8","967.2"," 8"," 31.1"," 5","  4.4"," 7","  9.7","999.9","  68.7"," ","  33.1"," "," 0.00","I","999.9","000000"
"36736099999","2021-04-11","46.65","82.75","441.0","BAHTY, KZ","  52.7"," 8","  24.0"," 8","1023.9"," 8","970.8"," 8"," 31.1"," 5","  9.4"," 7"," 11.7","999.9","  67.6"," ","  30.4"," "," 0.00","I","999.9","000000"
"36736099999","2021-04-12","46.65","82.75","441.0","BAHTY, KZ","  56.5"," 8","  25.8"," 8","1025.8"," 8","973.0"," 8"," 31.1"," 5"," 10.0"," 8"," 13.6","999.9","  69.6"," ","  43.7"," "," 0.00","I","999.9","000000"
"36736099999","2021-04-13","46.65","82.75","441.0","BAHTY, KZ","  58.6"," 8","  27.0"," 8","1022.7"," 8","970.3"," 8"," 31.1"," 5"," 11.7"," 8"," 17.5","999.9","  72.1"," ","  43.0","*"," 0.00","I","999.9","000000"
"36736099999","2021-04-14","46.65","82.75","441.0","BAHTY, KZ","  52.3"," 8","  24.1"," 8","1025.0"," 8","971.8"," 8"," 31.1"," 5","  5.1"," 8","  7.8","999.9","  70.0"," ","  32.9","*"," 0.00","I","999.9","000000"
"36736099999","2021-04-15","46.65","82.75","441.0","BAHTY, KZ","  58.5"," 8","  26.7"," 8","1018.8"," 8","966.5"," 8"," 31.1"," 5","  6.1"," 8","  9.7","999.9","  73.2"," ","  31.1"," "," 0.00","I","999.9","000000"
"36736099999","2021-04-16","46.65","82.75","441.0","BAHTY, KZ","  62.4"," 8","  31.2"," 8","1014.6"," 8","963.0"," 8"," 31.1"," 5","  8.0"," 7"," 15.5","999.9","  79.2"," ","  47.8","*"," 0.00","I","999.9","000000"
"36736099999","2021-04-17","46.65","82.75","441.0","BAHTY, KZ","  56.1"," 8","  45.3"," 8","1017.2"," 8","964.9"," 8"," 31.1"," 5","  5.2"," 6","  7.8","999.9","  69.6"," ","  41.2"," "," 0.00","I","999.9","000000"
"36736099999","2021-04-18","46.65","82.75","441.0","BAHTY, KZ","  58.9"," 7","  41.3"," 7","1016.9"," 7","964.9"," 7"," 31.1"," 4","  4.2"," 6","  5.8","999.9","  73.4"," ","  37.0"," "," 0.00","I","999.9","000000"
"36736099999","2021-04-19","46.65","82.75","441.0","BAHTY, KZ","  58.0"," 7","  43.0"," 7","1014.0"," 7","962.1"," 7"," 31.1"," 5","  3.9"," 5","  5.8","999.9","  72.1"," ","  42.3"," "," 0.00","I","999.9","000010"
"36736099999","2021-04-20","46.65","82.75","441.0","BAHTY, KZ","  52.0"," 6","  45.8"," 6","1011.4"," 6","959.0"," 6"," 31.1"," 4","999.9"," 0","999.9","999.9","  63.9"," ","  42.6","*","99.99"," ","999.9","010000"
"36736099999","2021-04-21","46.65","82.75","441.0","BAHTY, KZ","  34.2"," 6","  32.6"," 6","1020.8"," 6","966.0"," 6","  9.6"," 4","  3.9"," 4","  5.8","999.9","  39.9","*","  26.8","*","99.99"," ","999.9","010000"
"36736099999","2021-04-22","46.65","82.75","441.0","BAHTY, KZ","  35.5"," 8","  29.6"," 8","1032.5"," 8","977.2"," 8"," 31.1"," 5","  6.2"," 6","  9.7","999.9","  45.9"," ","  25.3"," "," 0.00","I","999.9","000000"
"36736099999","2021-04-23","46.65","82.75","441.0","BAHTY, KZ","  34.0"," 8","  27.3"," 8","1036.8"," 8","981.1"," 8"," 31.1"," 5","  4.6"," 8","  7.8","999.9","  44.6"," ","  23.2"," "," 0.00","I","999.9","000000"
"36736099999","2021-04-24","46.65","82.75","441.0","BAHTY, KZ","  37.5"," 8","  20.9"," 8","1034.6"," 8","979.4"," 8"," 31.1"," 5","  3.1"," 7","  3.9","999.9","  49.5"," ","  22.3"," "," 0.00","I","999.9","000000"
"36736099999","2021-04-25","46.65","82.75","441.0","BAHTY, KZ","  43.1"," 8","  23.5"," 8","1029.2"," 8","974.9"," 8"," 31.1"," 5","  5.5"," 6","  7.8","999.9","  56.3"," ","  28.8"," "," 0.00","I","999.9","000000"
"36736099999","2021-04-26","46.65","82.75","441.0","BAHTY, KZ","  51.7"," 8","  31.5"," 8","1025.8"," 8","972.6"," 8"," 31.1"," 5","  3.6"," 7","  7.8","999.9","  68.0"," ","  25.5"," "," 0.00","I","999.9","000000"
"36736099999","2021-04-27","46.65","82.75","441.0","BAHTY, KZ","  59.6"," 7","  41.1"," 7","1023.0"," 7","970.8"," 7"," 31.1"," 5","  4.2"," 6","  5.8","999.9","  75.7"," ","  33.4"," "," 0.00","I","999.9","000000"
"36736099999","2021-04-28","46.65","82.75","441.0","BAHTY, KZ","  65.3"," 8","  43.9"," 8","1015.7"," 8","964.4"," 8"," 31.1"," 5","  3.3"," 7","  5.8","999.9","  85.8"," ","  40.3"," "," 0.00","I","999.9","000000"
"36736099999","2021-04-29","46.65","82.75","441.0","BAHTY, KZ","  69.0"," 7","  44.2"," 7","1011.6"," 7","960.8"," 7"," 31.1"," 5","999.9"," 0","999.9","999.9","  87.6"," ","  43.7"," "," 0.00","I","999.9","000000"
"36736099999","2021-04-30","46.65","82.75","441.0","BAHTY, KZ","  72.4"," 8","  46.5"," 8","1004.8"," 8","954.7"," 8"," 31.1"," 5","  3.9"," 6","  9.7","999.9","  92.3"," ","  43.7"," "," 0.00","I","999.9","000000"
"36736099999","2021-05-01","46.65","82.75","441.0","BAHTY, KZ","  53.0"," 7","  41.2"," 7","1023.9"," 7","970.9"," 7"," 31.1"," 4","  6.8"," 6"," 11.7","999.9","  65.3"," ","  34.9","*","99.99"," ","999.9","010000"
"36736099999","2021-05-02","46.65","82.75","441.0","BAHTY, KZ","  52.1"," 8","  29.0"," 8","1027.4"," 8","974.1"," 8"," 31.1"," 5","  6.8"," 8","  9.7","999.9","  63.0"," ","  33.3"," "," 0.00","I","999.9","000000"
"36736099999","2021-05-03","46.65","82.75","441.0","BAHTY, KZ","  58.7"," 8","  35.4"," 8","1021.4"," 8","969.0"," 8"," 31.1"," 6"," 10.4"," 8"," 21.4","999.9","  73.4"," ","  40.6"," "," 0.00","I","999.9","000000"
"36736099999","2021-05-04","46.65","82.75","441.0","BAHTY, KZ","  63.4"," 8","  34.4"," 8","1017.4"," 8","965.8"," 8"," 31.1"," 5","  4.1"," 8","  9.7","999.9","  79.7"," ","  41.7"," "," 0.00","I","999.9","000000"
"36736099999","2021-05-05","46.65","82.75","441.0","BAHTY, KZ","  74.0"," 8","  43.2"," 8","1007.9"," 8","957.7"," 8"," 31.1"," 5"," 10.9"," 8"," 15.5","999.9","  88.9"," ","  49.3","*"," 0.00","I","999.9","000000"
"36736099999","2021-05-06","46.65","82.75","441.0","BAHTY, KZ","  73.3"," 8","  46.3"," 8","1007.1"," 8","956.9"," 8"," 31.1"," 5","  5.3"," 7","  9.7","999.9","  92.3"," ","  53.1","*"," 0.00","I","999.9","000000"
"36736099999","2021-05-07","46.65","82.75","441.0","BAHTY, KZ","  69.8"," 8","  49.7"," 8","1012.3"," 8","961.6"," 8"," 31.1"," 5","  5.1"," 5","  7.8","999.9","  83.8"," ","  48.9"," "," 0.00","I","999.9","000000"
"36736099999","2021-05-08","46.65","82.75","441.0","BAHTY, KZ","  65.6"," 7","  50.2"," 7","1014.4"," 7","963.2"," 7"," 31.1"," 5","  3.9"," 4","  5.8","999.9","  79.5"," ","  47.7","*"," 0.00","I","999.9","000000"
"36736099999","2021-05-09","46.65","82.75","441.0","BAHTY, KZ","  64.2"," 8","  40.7"," 8","1011.3"," 8","960.1"," 8"," 31.1"," 5","  2.4"," 4","  3.9","999.9","  82.4"," ","  43.5"," "," 0.00","I","999.9","000000"
"36736099999","2021-05-10","46.65","82.75","441.0","BAHTY, KZ","  62.4"," 8","  54.0"," 8","1011.7"," 8","960.4"," 8"," 31.1"," 5","  3.6"," 6","  5.8","999.9","  73.2"," ","  46.4"," "," 0.00","I","999.9","000000"
"36736099999","2021-05-11","46.65","82.75","441.0","BAHTY, KZ","  62.7"," 7","  46.9"," 7","1012.1"," 7","960.7"," 7"," 31.1"," 4","  7.0"," 5","  9.7","999.9","  74.3"," ","  50.4"," "," 0.00","I","999.9","000000"
"36736099999","2021-05-12","46.65","82.75","441.0","BAHTY, KZ","  57.6"," 5","  50.4"," 5","1017.1"," 5","965.0"," 5"," 16.8"," 4","999.9"," 0","999.9","999.9","  67.6"," ","  47.3","*","99.99"," ","999.9","010000"
"36736099999","2021-05-13","46.65","82.75","441.0","BAHTY, KZ","  59.0"," 8","  46.6"," 8","1017.1"," 8","965.1"," 8"," 31.1"," 5","  4.9"," 6","  7.8","999.9","  71.8"," ","  36.7"," "," 0.00","I","999.9","000000"
"36736099999","2021-05-14","46.65","82.75","441.0","BAHTY, KZ","  52.6"," 6","  46.5"," 6","1019.9"," 6","967.2"," 6"," 23.9"," 4","  3.6"," 6","  7.8","999.9","  60.8"," ","  45.1","*","99.99"," ","999.9","010000"
"36736099999","2021-05-15","46.65","82.75","441.0","BAHTY, KZ","  57.1"," 7","  44.2"," 7","1021.5"," 7","969.0"," 7"," 31.1"," 4","  2.3"," 5","  3.9","999.9","  70.7"," ","  41.9"," "," 0.00","I","999.9","000000"
"36736099999","2021-05-16","46.65","82.75","441.0","BAHTY, KZ","  62.2"," 7","  45.7"," 7","1018.3"," 7","966.5"," 7"," 31.1"," 4","  3.3"," 7","  5.8","999.9","  78.1"," ","  42.6"," "," 0.00","I","999.9","000000"
"36736099999","2021-05-17","46.65","82.75","441.0","BAHTY, KZ","  64.9"," 8","  45.9"," 8","1016.2"," 8","964.8"," 8"," 31.1"," 5","  3.1"," 7","  5.8","999.9","  81.0"," ","  50.0"," "," 0.00","I","999.9","000000"
"36736099999","2021-05-18","46.65","82.75","441.0","BAHTY, KZ","  67.8"," 8","  48.6"," 8","1011.5"," 8","960.7"," 8"," 31.1"," 5","  2.7"," 8","  3.9","999.9","  83.8"," ","  49.5"," "," 0.00","I","999.9","000000"
"36736099999","2021-05-19","46.65","82.75","441.0","BAHTY, KZ","  71.8"," 8","  50.3"," 8","1004.0"," 8","953.9"," 8"," 31.1"," 5","  5.5"," 7"," 15.5","999.9","  86.2"," ","  51.1"," "," 0.00","I","999.9","000000"
"36736099999","2021-05-20","46.65","82.75","441.0","BAHTY, KZ","  58.6"," 7","  39.2"," 7","1012.8"," 7","960.9"," 7"," 31.1"," 4","  3.9"," 7","  7.8","999.9","  70.9"," ","  46.0","*"," 0.00","I","999.9","000000"
"36736099999","2021-05-21","46.65","82.75","441.0","BAHTY, KZ","  57.7"," 8","  33.1"," 8","1021.0"," 8","968.6"," 8"," 31.1"," 6","  5.5"," 6","  7.8","999.9","  67.5"," ","  40.3"," "," 0.00","I","999.9","000000"
"36736099999","2021-05-22","46.65","82.75","441.0","BAHTY, KZ","  63.3"," 8","  41.5"," 8","1021.9"," 8","970.1"," 8"," 31.1"," 6","  2.9"," 6","  3.9","999.9","  74.7"," ","  50.0"," "," 0.00","I","999.9","000000"
"36736099999","2021-05-23","46.65","82.75","441.0","BAHTY, KZ","  71.9"," 8","  43.6"," 8","1017.7"," 8","966.9"," 8"," 31.1"," 6","  7.8"," 8","  9.7","999.9","  82.6"," ","  55.6"," "," 0.00","I","999.9","000000"
"36736099999","2021-05-24","46.65","82.75","441.0","BAHTY, KZ","  74.5"," 8","  40.9"," 8","1014.2"," 8","963.8"," 8"," 31.1"," 6","  6.1"," 8"," 11.7","999.9","  87.6"," ","  55.6","*"," 0.00","I","999.9","000000"
"36736099999","2021-05-25","46.65","82.75","441.0","BAHTY, KZ","  75.8"," 8","  44.5"," 8","1011.6"," 8","961.5"," 8"," 31.1"," 6","  4.7"," 7","  7.8","999.9","  90.5"," ","  55.2"," "," 0.00","I","999.9","000000"
"36736099999","2021-05-26","46.65","82.75","441.0","BAHTY, KZ","  75.6"," 8","  46.4"," 8","1007.1"," 8","957.1"," 8"," 31.1"," 6","  6.5"," 6","  9.7","999.9","  92.3"," ","  56.8"," "," 0.00","I","999.9","000000"
"36736099999","2021-05-27","46.65","82.75","441.0","BAHTY, KZ","  78.4"," 8","  50.5"," 8","1004.3"," 8","954.8"," 8"," 31.1"," 6","  3.6"," 7","  5.8","999.9","  95.0"," ","  51.8"," "," 0.00","I","999.9","000000"
"36736099999","2021-05-28","46.65","82.75","441.0","BAHTY, KZ","  74.9"," 7","  51.2"," 7","1010.9"," 7","960.7"," 7"," 31.1"," 5","  4.2"," 7","  7.8","999.9","  88.0"," ","  57.7","*"," 0.00","I","999.9","000000"
"36736099999","2021-05-29","46.65","82.75","441.0","BAHTY, KZ","  73.0"," 8","  44.2"," 8","1011.5"," 8","961.0"," 8"," 31.1"," 6","  4.7"," 5","  9.7","999.9","  88.3"," ","  51.1"," "," 0.00","I","999.9","000000"
"36736099999","2021-05-30","46.65","82.75","441.0","BAHTY, KZ","  71.5"," 8","  42.0"," 8","1011.5"," 8","960.9"," 8"," 31.1"," 6","  2.9"," 6","  3.9","999.9","  88.7"," ","  48.7","*"," 0.00","I","999.9","000000"
"36736099999","2021-05-31","46.65","82.75","441.0","BAHTY, KZ","  71.2"," 8","  44.2"," 8","1008.0"," 8","957.6"," 8"," 31.1"," 6","  3.2"," 8","  5.8","999.9","  91.4"," ","  45.0"," "," 0.00","I","999.9","000000"
"36736099999","2021-06-01","46.65","82.75","441.0","BAHTY, KZ","  74.4"," 8","  45.7"," 8","1006.7"," 8","956.7"," 8"," 31.1"," 6","  3.6"," 6","  5.8","999.9","  93.9"," ","  48.4"," "," 0.00","I","999.9","000000"
"36736099999","2021-06-02","46.65","82.75","441.0","BAHTY, KZ","  78.3"," 8","  49.0"," 8","1006.7"," 8","957.1"," 8"," 31.1"," 6","  3.9"," 6","  7.8","999.9","  95.2"," ","  51.8"," "," 0.00","I","999.9","000000"
"36736099999","2021-06-03","46.65","82.75","441.0","BAHTY, KZ","  82.5"," 8","  50.2"," 8","1004.9"," 8","955.8"," 8"," 31.1"," 6","  4.1"," 8","  5.8","999.9","  96.6"," ","  57.2"," "," 0.00","I","999.9","000000"
"36736099999","2021-06-04","46.65","82.75","441.0","BAHTY, KZ","  74.9"," 7","  56.8"," 7","1006.2"," 7","956.3"," 7"," 31.1"," 5","  4.3"," 5","  7.8","999.9","  85.1"," ","  63.5","*","99.99"," ","999.9","010010"
"36736099999","2021-06-05","46.65","82.75","441.0","BAHTY, KZ","  60.8"," 7","  47.2"," 7","1013.1"," 7","961.6"," 7"," 25.4"," 5","  6.9"," 7"," 11.7","999.9","  73.9"," ","  48.4","*","99.99"," ","999.9","010000"
"36736099999","2021-06-06","46.65","82.75","441.0","BAHTY, KZ","  61.6"," 8","  36.5"," 8","1013.9"," 8","962.3"," 8"," 31.1"," 6","  4.1"," 8","  5.8","999.9","  75.4"," ","  43.5"," "," 0.00","I","999.9","000000"
"36736099999","2021-06-07","46.65","82.75","441.0","BAHTY, KZ","  74.8"," 8","  38.2"," 8","1005.8"," 8","955.8"," 8"," 31.1"," 6","  8.0"," 8"," 17.5","999.9","  86.2"," ","  47.8"," "," 0.00","I","999.9","000000"
"36736099999","2021-06-08","46.65","82.75","441.0","BAHTY, KZ","  69.8"," 8","  50.1"," 8","1005.6"," 8","955.3"," 8"," 31.1"," 6","  3.6"," 7","  5.8","999.9","  80.2"," ","  57.0","*"," 0.00","I","999.9","000000"
"36736099999","2021-06-09","46.65","82.75","441.0","BAHTY, KZ","  69.0"," 7","  56.3"," 7","1006.8"," 7","956.4"," 7"," 31.1"," 5","  3.1"," 5","  5.8","999.9","  85.1"," ","  53.8"," "," 0.00","I","999.9","000010"
"36736099999","2021-06-10","46.65","82.75","441.0","BAHTY, KZ","  73.6"," 8","  53.7"," 8","1004.7"," 8","954.8"," 8"," 31.1"," 6","  3.4"," 8","  5.8","999.9","  87.4"," ","  59.0"," "," 0.00","I","999.9","000000"
"36736099999","2021-06-11","46.65","82.75","441.0","BAHTY, KZ","  65.6"," 7","  52.1"," 7","1008.2"," 7","957.3"," 7"," 31.1"," 5","  3.6"," 7","  7.8","999.9","  76.8"," ","  54.0","*"," 0.00","I","999.9","000000"
"36736099999","2021-06-12","46.65","82.75","441.0","BAHTY, KZ","  64.8"," 8","  39.0"," 8","1012.2"," 8","961.0"," 8"," 31.1"," 6","  3.9"," 7","  7.8","999.9","  75.9"," ","  50.0"," "," 0.00","I","999.9","000000"
"36736099999","2021-06-13","46.65","82.75","441.0","BAHTY, KZ","  61.0"," 8","  37.6"," 8","1014.9"," 8","963.2"," 8"," 31.1"," 6","  3.6"," 8","  5.8","999.9","  73.0"," ","  45.9","*"," 0.00","I","999.9","000000"
"36736099999","2021-06-14","46.65","82.75","441.0","BAHTY, KZ","  64.0"," 8","  39.4"," 8","1015.2"," 8","963.7"," 8"," 31.1"," 6","  2.6"," 6","  3.9","999.9","  79.0"," ","  41.2"," "," 0.00","I","999.9","000000"
"36736099999","2021-06-15","46.65","82.75","441.0","BAHTY, KZ","  68.0"," 8","  43.6"," 8","1012.2"," 8","961.3"," 8"," 31.1"," 6","  2.6"," 6","  3.9","999.9","  82.8"," ","  50.0"," "," 0.00","I","999.9","000000"
"36736099999","2021-06-16","46.65","82.75","441.0","BAHTY, KZ","  74.0"," 8","  46.6"," 8","1010.1"," 8","959.8"," 8"," 31.1"," 6","  4.2"," 7","  5.8","999.9","  88.5"," ","  52.7"," "," 0.00","I","999.9","000000"
"36736099999","2021-06-17","46.65","82.75","441.0","BAHTY, KZ","  76.0"," 8","  44.0"," 8","1007.4"," 8","957.4"," 8"," 31.1"," 6","  4.5"," 6","  7.8","999.9","  93.4"," ","  55.8"," "," 0.00","I","999.9","000000"
"36736099999","2021-06-18","46.65","82.75","441.0","BAHTY, KZ","  79.2"," 8","  46.4"," 8","1004.3"," 8","954.8"," 8"," 31.1"," 6","  2.9"," 6","  5.8","999.9","  93.2"," ","  56.1"," "," 0.00","I","999.9","000000"
"36736099999","2021-06-19","46.65","82.75","441.0","BAHTY, KZ","  75.1"," 8","  51.1"," 8","1002.8"," 8","953.1"," 8"," 26.3"," 6","  5.5"," 6"," 11.7","999.9","  88.9"," ","  61.3","*"," 0.00","I","999.9","000000"
"36736099999","2021-06-20","46.65","82.75","441.0","BAHTY, KZ","  59.4"," 8","  39.9"," 8","1014.8"," 8","962.9"," 8"," 26.3"," 6","  4.9"," 8"," 11.7","999.9","  69.6"," ","  43.3","*"," 0.00","I","999.9","000000"
"36736099999","2021-06-21","46.65","82.75","441.0","BAHTY, KZ","  63.9"," 8","  40.8"," 8","1011.1"," 8","959.9"," 8"," 31.1"," 6","  3.1"," 7","  5.8","999.9","  72.5"," ","  40.1"," ","99.99"," ","999.9","010000"
"36736099999","2021-06-22","46.65","82.75","441.0","BAHTY, KZ","  62.2"," 7","  44.1"," 7","1013.5"," 7","962.0"," 7"," 31.1"," 4","  4.7"," 7","  7.8","999.9","  73.9"," ","  51.3","*"," 0.00","I","999.9","000000"
"36736099999","2021-06-23","46.65","82.75","441.0","BAHTY, KZ","  62.8"," 8","  40.4"," 8","1014.2"," 8","962.7"," 8"," 31.1"," 6","  3.9"," 6","  7.8","999.9","  73.9"," ","  41.9"," "," 0.00","I","999.9","000000"
"36736099999","2021-06-24","46.65","82.75","441.0","BAHTY, KZ","  61.0"," 6","  54.8"," 6","1010.0"," 6","958.6"," 6"," 16.8"," 4","999.9"," 0","999.9","999.9","  69.4"," ","  53.4","*","99.99"," ","999.9","010000"
"36736099999","2021-06-25","46.65","82.75","441.0","BAHTY, KZ","  61.7"," 7","  47.3"," 7","1012.0"," 7","960.6"," 7"," 31.1"," 5","  3.1"," 5","  5.8","999.9","  72.5"," ","  53.1"," "," 0.00","I","999.9","000000"
"36736099999","2021-06-26","46.65","82.75","441.0","BAHTY, KZ","  63.0"," 7","  46.3"," 7","1011.3"," 7","960.0"," 7"," 31.1"," 5","  6.5"," 6"," 11.7","999.9","  74.5"," ","  48.0"," ","99.99"," ","999.9","010000"
"36736099999","2021-06-27","46.65","82.75","441.0","BAHTY, KZ","  63.4"," 7","  46.6"," 7","1016.4"," 7","964.9"," 7"," 31.1"," 5","  3.9"," 4","  5.8","999.9","  76.1"," ","  51.3"," "," 0.00","I","999.9","000000"
"36736099999","2021-06-28","46.65","82.75","441.0","BAHTY, KZ","  68.3"," 8","  45.4"," 8","1012.3"," 8","961.4"," 8"," 31.1"," 6","  5.3"," 4","  9.7","999.9","  84.4"," ","  52.0","*"," 0.00","I","999.9","000000"
"36736099999","2021-06-29","46.65","82.75","441.0","BAHTY, KZ","  74.6"," 8","  51.5"," 8","1009.4"," 8","959.3"," 8"," 31.1"," 6","  2.6"," 6","  3.9","999.9","  88.9"," ","  51.6"," "," 0.00","I","999.9","000000"
"36736099999","2021-06-30","46.65","82.75","441.0","BAHTY, KZ","  76.0"," 8","  51.9"," 8","1007.6"," 8","957.7"," 8"," 31.1"," 6","  2.9"," 6","  3.9","999.9","  90.1"," ","  61.3","*"," 0.00","I","999.9","000000"
"36736099999","2021-07-01","46.65","82.75","441.0","BAHTY, KZ","  78.3"," 8","  53.0"," 8","1006.1"," 8","956.5"," 8"," 31.1"," 6","  2.2"," 8","  3.9","999.9","  93.0"," ","  58.1"," "," 0.00","I","999.9","000000"
"36736099999","2021-07-02","46.65","82.75","441.0","BAHTY, KZ","  79.8"," 8","  53.7"," 8","1001.9"," 8","952.7"," 8"," 31.1"," 6","  6.2"," 5","  9.7","999.9","  94.6"," ","  60.8","*"," 0.00","I","999.9","000000"
"36736099999","2021-07-03","46.65","82.75","441.0","BAHTY, KZ","  76.1"," 8","  49.8"," 8","1002.1"," 8","952.5"," 8"," 31.1"," 6","  2.9"," 8","  3.9","999.9","  93.2"," ","  56.1"," "," 0.00","I","999.9","000000"
"36736099999","2021-07-04","46.65","82.75","441.0","BAHTY, KZ","  79.7"," 8","  51.0"," 8","1001.8"," 8","952.5"," 8"," 31.1"," 6","  2.9"," 6","  3.9","999.9","  97.3"," ","  56.7"," "," 0.00","I","999.9","000000"
"36736099999","2021-07-05","46.65","82.75","441.0","BAHTY, KZ","  83.7"," 8","  52.2"," 8","1000.4"," 8","951.5"," 8"," 31.1"," 6","  3.3"," 7","  5.8","999.9","  99.5"," ","  58.1"," "," 0.00","I","999.9","000000"
"36736099999","2021-07-06","46.65","82.75","441.0","BAHTY, KZ","  87.1"," 8","  58.6"," 8","1000.1"," 8","951.7"," 8"," 31.1"," 6","  3.1"," 7","  5.8","999.9"," 102.9"," ","  62.1"," "," 0.00","I","999.9","000000"
"36736099999","2021-07-07","46.65","82.75","441.0","BAHTY, KZ","  83.6"," 7","  58.8"," 7","1006.0"," 7","957.0"," 7"," 31.1"," 5","  3.6"," 7","  7.8","999.9","  97.7"," ","  73.6","*"," 0.00","I","999.9","000000"
"36736099999","2021-07-08","46.65","82.75","441.0","BAHTY, KZ","  81.8"," 8","  60.2"," 8","1006.0"," 8","956.9"," 8"," 31.1"," 6","  2.9"," 6","  5.8","999.9","  97.5"," ","  66.0","*"," 0.00","I","999.9","000000"
"36736099999","2021-07-09","46.65","82.75","441.0","BAHTY, KZ","  79.7"," 8","  59.8"," 8","1003.3"," 8","954.1"," 8"," 31.1"," 7","  1.9"," 7","  1.9","999.9","  89.6"," ","  61.9"," "," 0.00","I","999.9","000000"
"36736099999","2021-07-10","46.65","82.75","441.0","BAHTY, KZ","  78.7"," 7","  59.8"," 7","1000.9"," 7","951.7"," 7"," 31.1"," 5","  2.2"," 7","  3.9","999.9","  90.5"," ","  62.1"," "," 0.00","I","999.9","000000"
"36736099999","2021-07-11","46.65","82.75","441.0","BAHTY, KZ","  72.9"," 8","  56.7"," 8","1004.8"," 8","954.8"," 8"," 31.1"," 5","  5.3"," 8","  9.7","999.9","  87.4"," ","  61.3","*","99.99"," ","999.9","010000"
"36736099999","2021-07-12","46.65","82.75","441.0","BAHTY, KZ","  70.2"," 6","  58.5"," 6","1005.4"," 6","955.2"," 6"," 31.1"," 4","  3.9"," 6","  5.8","999.9","  81.0"," ","  60.4"," "," 0.00","I","999.9","000010"
"36736099999","2021-07-13","46.65","82.75","441.0","BAHTY, KZ","  77.0"," 8","  57.1"," 8","1001.5"," 8","952.0"," 8"," 31.1"," 7","  3.3"," 7","  5.8","999.9","  90.7"," ","  59.5"," "," 0.00","I","999.9","000000"
"36736099999","2021-07-14","46.65","82.75","441.0","BAHTY, KZ","  71.6"," 7","  55.6"," 7","1006.2"," 7","956.1"," 7"," 31.1"," 5","  3.6"," 7","  5.8","999.9","  82.0"," ","  64.2","*"," 0.00","I","999.9","000000"
"36736099999","2021-07-15","46.65","82.75","441.0","BAHTY, KZ","  72.3"," 8","  50.7"," 8","1008.4"," 8","958.2"," 8"," 31.1"," 6","  2.6"," 6","  3.9","999.9","  86.5"," ","  56.8"," "," 0.00","I","999.9","000000"
"36736099999","2021-07-16","46.65","82.75","441.0","BAHTY, KZ","  66.0"," 7","  54.4"," 7","1012.3"," 7","961.3"," 7"," 25.4"," 5","  4.9"," 4","  7.8","999.9","  76.6"," ","  56.7","*","99.99"," ","999.9","010000"
"36736099999","2021-07-17","46.65","82.75","441.0","BAHTY, KZ","  71.9"," 8","  51.0"," 8","1013.4"," 8","962.9"," 8"," 31.1"," 6","  3.4"," 8","  5.8","999.9","  89.6"," ","  53.4","*"," 0.00","I","999.9","000000"
"36736099999","2021-07-18","46.65","82.75","441.0","BAHTY, KZ","  72.7"," 8","  49.7"," 8","1008.8"," 8","958.5"," 8"," 31.1"," 6","  3.1"," 7","  5.8","999.9","  89.2"," ","  53.1"," "," 0.00","I","999.9","000000"
"36736099999","2021-07-19","46.65","82.75","441.0","BAHTY, KZ","  78.2"," 8","  46.4"," 8","1003.4"," 8","953.9"," 8"," 31.1"," 6","  3.3"," 7","  5.8","999.9","  95.0"," ","  53.2"," "," 0.00","I","999.9","000000"
"36736099999","2021-07-20","46.65","82.75","441.0","BAHTY, KZ","  80.6"," 8","  48.7"," 8"," 999.8"," 8","950.7"," 8"," 31.1"," 6","  4.2"," 7","  7.8","999.9","  98.6"," ","  56.3"," "," 0.00","I","999.9","000000"
"36736099999","2021-07-21","46.65","82.75","441.0","BAHTY, KZ","  85.8"," 8","  50.1"," 8"," 997.7"," 8","949.2"," 8"," 31.1"," 6","  3.9"," 7","  5.8","999.9"," 100.4"," ","  61.7"," "," 0.00","I","999.9","000000"
"36736099999","2021-07-22","46.65","82.75","441.0","BAHTY, KZ","  73.6"," 8","  57.9"," 8","1002.3"," 8","952.6"," 8"," 31.1"," 6","999.9"," 0","999.9","999.9","  83.5"," ","  59.4","*"," 0.00","I","999.9","000000"
"36736099999","2021-07-23","46.65","82.75","441.0","BAHTY, KZ","  78.2"," 8","  54.1"," 8","1002.2"," 8","952.8"," 8"," 31.1"," 6","  3.2"," 8","  3.9","999.9","  95.0"," ","  56.1"," "," 0.00","I","999.9","000000"
"36736099999","2021-07-24","46.65","82.75","441.0","BAHTY, KZ","  81.0"," 8","  53.4"," 8","1004.6"," 8","955.3"," 8"," 31.1"," 6","  2.5"," 7","  3.9","999.9","  95.5"," ","  60.8"," "," 0.00","I","999.9","000000"
"36736099999","2021-07-25","46.65","82.75","441.0","BAHTY, KZ","  80.8"," 8","  50.4"," 8","1005.7"," 8","956.4"," 8"," 31.1"," 6","  2.8"," 7","  3.9","999.9","  97.2"," ","  59.0"," "," 0.00","I","999.9","000000"
"36736099999","2021-07-26","46.65","82.75","441.0","BAHTY, KZ","  82.5"," 8","  52.4"," 8","1002.4"," 8","953.3"," 8"," 31.1"," 6","  3.9"," 6","  7.8","999.9"," 101.1"," ","  57.2"," "," 0.00","I","999.9","000000"
"36736099999","2021-07-27","46.65","82.75","441.0","BAHTY, KZ","  78.4"," 8","  50.9"," 8","1001.6"," 8","952.2"," 8"," 31.1"," 6","  4.4"," 7","  7.8","999.9","  94.1"," ","  59.2","*"," 0.00","I","999.9","000000"
"36736099999","2021-07-28","46.65","82.75","441.0","BAHTY, KZ","  72.0"," 8","  46.4"," 8","1004.9"," 8","954.7"," 8"," 31.1"," 6","  1.9"," 7","  1.9","999.9","  88.9"," ","  50.5"," "," 0.00","I","999.9","000000"
"36736099999","2021-07-29","46.65","82.75","441.0","BAHTY, KZ","  74.1"," 8","  46.4"," 8","1002.6"," 8","952.8"," 8"," 31.1"," 6","  2.3"," 5","  3.9","999.9","  90.5"," ","  48.2"," "," 0.00","I","999.9","000000"
"36736099999","2021-07-30","46.65","82.75","441.0","BAHTY, KZ","  62.5"," 8","  53.8"," 8","1011.7"," 8","960.4"," 8"," 26.3"," 6","  4.4"," 4","  7.8","999.9","  76.1"," ","  52.7","*","99.99"," ","999.9","010000"
"36736099999","2021-07-31","46.65","82.75","441.0","BAHTY, KZ","  67.0"," 8","  45.5"," 8","1013.8"," 8","962.7"," 8"," 31.1"," 6","  2.7"," 8","  3.9","999.9","  84.2"," ","  46.9","*"," 0.00","I","999.9","000000"
"36736099999","2021-08-01","46.65","82.75","441.0","BAHTY, KZ","  69.4"," 8","  41.7"," 8","1009.7"," 8","959.0"," 8"," 31.1"," 6","  2.9"," 6","  3.9","999.9","  89.8"," ","  43.7"," "," 0.00","I","999.9","000000"
"36736099999","2021-08-02","46.65","82.75","441.0","BAHTY, KZ","  80.1"," 8","  48.1"," 8","1006.5"," 8","957.0"," 8"," 31.1"," 6","999.9"," 0","999.9","999.9","  94.3"," ","  59.7","*"," 0.00","I","999.9","000000"
"36736099999","2021-08-03","46.65","82.75","441.0","BAHTY, KZ","  79.0"," 8","  48.1"," 8","1005.3"," 8","955.8"," 8"," 31.1"," 6","  3.4"," 4","  5.8","999.9","  98.8"," ","  50.0"," "," 0.00","I","999.9","000000"
"36736099999","2021-08-04","46.65","82.75","441.0","BAHTY, KZ","  79.0"," 8","  50.4"," 8","1004.4"," 8","954.9"," 8"," 31.1"," 6","  4.9"," 6","  9.7","999.9","  95.0"," ","  57.6"," "," 0.00","I","999.9","000000"
"36736099999","2021-08-05","46.65","82.75","441.0","BAHTY, KZ","  70.3"," 7","  55.3"," 7","1006.3"," 7","956.0"," 7"," 25.4"," 5","  4.2"," 6","  7.8","999.9","  86.5"," ","  57.7","*","99.99"," ","999.9","010010"
"36736099999","2021-08-06","46.65","82.75","441.0","BAHTY, KZ","  73.2"," 8","  48.1"," 8","1007.2"," 8","957.1"," 8"," 31.1"," 6","  3.3"," 7","  5.8","999.9","  88.9"," ","  51.8"," "," 0.00","I","999.9","000000"
"36736099999","2021-08-07","46.65","82.75","441.0","BAHTY, KZ","  72.6"," 8","  49.5"," 8","1008.8"," 8","958.5"," 8"," 31.1"," 6","  3.6"," 6","  5.8","999.9","  89.8"," ","  54.1"," "," 0.00","I","999.9","000000"
"36736099999","2021-08-08","46.65","82.75","441.0","BAHTY, KZ","  78.5"," 8","  49.5"," 8","1006.9"," 8","957.2"," 8"," 31.1"," 6","  2.9"," 8","  3.9","999.9","  93.2"," ","  57.4"," "," 0.00","I","999.9","000000"
"36736099999","2021-08-09","46.65","82.75","441.0","BAHTY, KZ","  80.1"," 8","  54.0"," 8","1004.5"," 8","955.1"," 8"," 31.1"," 6","  4.4"," 7","  5.8","999.9","  93.9"," ","  58.8"," "," 0.00","I","999.9","000000"
"36736099999","2021-08-10","46.65","82.75","441.0","BAHTY, KZ","  70.1"," 7","  48.8"," 7","1009.2"," 7","958.7"," 7"," 31.1"," 5","  2.6"," 6","  5.8","999.9","  87.4"," ","  55.2","*"," 0.00","I","999.9","000000"
"36736099999","2021-08-11","46.65","82.75","441.0","BAHTY, KZ","  73.0"," 8","  50.7"," 8","1008.1"," 8","957.9"," 8"," 31.1"," 5","  3.1"," 5","  5.8","999.9","  89.2"," ","  53.6"," "," 0.00","I","999.9","000000"
"36736099999","2021-08-12","46.65","82.75","441.0","BAHTY, KZ","  78.6"," 8","  52.2"," 8","1004.6"," 8","955.1"," 8"," 31.1"," 5","  3.9"," 7","  5.8","999.9","  92.3"," ","  54.3"," "," 0.00","I","999.9","000000"
"36736099999","2021-08-13","46.65","82.75","441.0","BAHTY, KZ","  75.9"," 8","  54.1"," 8","1005.4"," 8","955.7"," 8"," 31.1"," 5","  2.6"," 6","  3.9","999.9","  88.0"," ","  61.0","*"," 0.00","I","999.9","000000"
"36736099999","2021-08-14","46.65","82.75","441.0","BAHTY, KZ","  61.6"," 7","  53.5"," 7","1009.8"," 7","958.5"," 7"," 25.4"," 5","  2.7"," 5","  3.9","999.9","  70.0"," ","  48.4","*","99.99"," ","999.9","010000"
"36736099999","2021-08-15","46.65","82.75","441.0","BAHTY, KZ","  68.4"," 8","  50.1"," 8","1010.4"," 8","959.7"," 8"," 31.1"," 5","  2.9"," 6","  7.8","999.9","  82.8"," ","  46.2"," "," 0.00","I","999.9","000000"
"36736099999","2021-08-16","46.65","82.75","441.0","BAHTY, KZ","  69.8"," 8","  51.0"," 8","1013.8"," 8","963.0"," 8"," 31.1"," 5","  3.6"," 7","  5.8","999.9","  81.5"," ","  55.9"," "," 0.00","I","999.9","000000"
"36736099999","2021-08-17","46.65","82.75","441.0","BAHTY, KZ","  62.3"," 7","  56.4"," 7","1015.0"," 7","963.6"," 7"," 19.6"," 5","  2.9"," 4","  3.9","999.9","  67.1"," ","  56.7","*","99.99"," ","999.9","010000"
"36736099999","2021-08-18","46.65","82.75","441.0","BAHTY, KZ","  67.6"," 8","  53.2"," 8","1012.6"," 8","961.7"," 8"," 31.1"," 5","  2.6"," 6","  3.9","999.9","  85.3"," ","  49.6"," "," 0.00","I","999.9","000000"
"36736099999","2021-08-19","46.65","82.75","441.0","BAHTY, KZ","  74.7"," 8","  50.7"," 8","1009.4"," 8","959.3"," 8"," 31.1"," 5","  3.3"," 7","  7.8","999.9","  89.8"," ","  51.8"," "," 0.00","I","999.9","000000"
"36736099999","2021-08-20","46.65","82.75","441.0","BAHTY, KZ","  72.3"," 8","  49.2"," 8","1012.3"," 8","961.9"," 8"," 31.1"," 5","  5.6"," 7","  9.7","999.9","  87.1"," ","  56.3","*"," 0.00","I","999.9","000000"
"36736099999","2021-08-21","46.65","82.75","441.0","BAHTY, KZ","  71.3"," 8","  40.7"," 8","1013.8"," 8","963.2"," 8"," 31.1"," 5","  4.6"," 8","  9.7","999.9","  85.1"," ","  52.5"," "," 0.00","I","999.9","000000"
"36736099999","2021-08-22","46.65","82.75","441.0","BAHTY, KZ","  70.1"," 8","  37.7"," 8","1013.1"," 8","962.3"," 8"," 31.1"," 5","  3.4"," 8","  5.8","999.9","  86.9"," ","  48.7"," "," 0.00","I","999.9","000000"
"36736099999","2021-08-23","46.65","82.75","441.0","BAHTY, KZ","  74.5"," 8","  38.2"," 8","1010.7"," 8","960.5"," 8"," 31.1"," 5","  5.0"," 7","  9.7","999.9","  94.8"," ","  53.1"," "," 0.00","I","999.9","000000"
"36736099999","2021-08-24","46.65","82.75","441.0","BAHTY, KZ","  73.1"," 8","  40.7"," 8","1010.5"," 8","960.1"," 8"," 31.1"," 5","  4.4"," 7","  7.8","999.9","  94.1"," ","  48.2"," "," 0.00","I","999.9","000000"
"36736099999","2021-08-25","46.65","82.75","441.0","BAHTY, KZ","  75.6"," 8","  43.5"," 8","1009.3"," 8","959.2"," 8"," 31.1"," 5","  3.6"," 6","  5.8","999.9","  93.7"," ","  53.4"," "," 0.00","I","999.9","000000"
"36736099999","2021-08-26","46.65","82.75","441.0","BAHTY, KZ","  79.3"," 8","  44.5"," 8","1005.1"," 8","955.6"," 8"," 31.1"," 5","  3.2"," 6","  5.8","999.9","  96.6"," ","  53.6"," "," 0.00","I","999.9","000000"
"36736099999","2021-08-27","46.65","82.75","441.0","BAHTY, KZ","  75.6"," 8","  44.9"," 8","1004.6"," 8","954.8"," 8"," 31.1"," 5","  2.8"," 7","  3.9","999.9","  97.7"," ","  57.6"," "," 0.00","I","999.9","000000"
"36736099999","2021-08-28","46.65","82.75","441.0","BAHTY, KZ","  75.6"," 8","  45.3"," 8","1006.2"," 8","956.3"," 8"," 31.1"," 5","  3.9"," 7","  9.7","999.9","  94.6"," ","  51.4"," "," 0.00","I","999.9","000000"
"36736099999","2021-08-29","46.65","82.75","441.0","BAHTY, KZ","  73.9"," 8","  47.2"," 8","1006.8"," 8","956.8"," 8"," 31.1"," 5","  5.8"," 5","  9.7","999.9","  89.6"," ","  52.2"," "," 0.00","I","999.9","000000"
"36736099999","2021-08-30","46.65","82.75","441.0","BAHTY, KZ","  75.5"," 8","  48.2"," 8","1006.6"," 8","956.7"," 8"," 31.1"," 5","  3.9"," 6","  5.8","999.9","  93.4"," ","  57.2"," "," 0.00","I","999.9","000000"
"36736099999","2021-08-31","46.65","82.75","441.0","BAHTY, KZ","  74.6"," 8","  51.3"," 8","1008.1"," 8","958.1"," 8"," 31.1"," 5","  2.9"," 4","  3.9","999.9","  90.0"," ","  59.0"," "," 0.00","I","999.9","000000"
"36736099999","2021-09-01","46.65","82.75","441.0","BAHTY, KZ","  70.2"," 7","  51.4"," 7","1012.1"," 7","961.4"," 7"," 31.1"," 5","  4.9"," 4","  5.8","999.9","  88.3"," ","  53.1","*"," 0.00","I","999.9","000000"
"36736099999","2021-09-02","46.65","82.75","441.0","BAHTY, KZ","  69.0"," 7","  48.0"," 7","1011.5"," 7","960.8"," 7"," 31.1"," 4","  3.9"," 5","  5.8","999.9","  86.2"," ","  47.7"," "," 0.00","I","999.9","000000"
"36736099999","2021-09-03","46.65","82.75","441.0","BAHTY, KZ","  70.1"," 8","  46.8"," 8","1011.5"," 8","960.9"," 8"," 31.1"," 5","  2.3"," 6","  3.9","999.9","  87.3"," ","  53.6"," "," 0.00","I","999.9","000000"
"36736099999","2021-09-04","46.65","82.75","441.0","BAHTY, KZ","  71.4"," 8","  46.5"," 8","1013.9"," 8","963.2"," 8"," 31.1"," 5","  3.1"," 5","  5.8","999.9","  89.6"," ","  53.6"," "," 0.00","I","999.9","000000"
"36736099999","2021-09-05","46.65","82.75","441.0","BAHTY, KZ","  73.4"," 8","  45.1"," 8","1014.4"," 8","963.9"," 8"," 31.1"," 5","  3.9"," 8","  5.8","999.9","  93.4"," ","  50.2"," "," 0.00","I","999.9","000000"
"36736099999","2021-09-06","46.65","82.75","441.0","BAHTY, KZ","  75.3"," 8","  46.2"," 8","1012.9"," 8","962.6"," 8"," 31.1"," 5","  2.2"," 7","  3.9","999.9","  98.6"," ","  47.1"," "," 0.00","I","999.9","000000"
"36736099999","2021-09-07","46.65","82.75","441.0","BAHTY, KZ","  73.8"," 8","  44.4"," 8","1011.7"," 8","961.4"," 8"," 31.1"," 5","  6.3"," 4","  9.7","999.9","  97.7"," ","  52.5"," "," 0.00","I","999.9","000000"
"36736099999","2021-09-08","46.65","82.75","441.0","BAHTY, KZ","  74.6"," 8","  43.2"," 8","1008.4"," 8","958.3"," 8"," 31.1"," 5","  3.9"," 6","  5.8","999.9","  97.2"," ","  50.9"," "," 0.00","I","999.9","000000"
"36736099999","2021-09-09","46.65","82.75","441.0","BAHTY, KZ","  62.5"," 7","  44.7"," 7","1012.5"," 7","961.1"," 7"," 31.1"," 5","  3.2"," 6","  5.8","999.9","  76.8"," ","  43.3","*"," 0.00","I","999.9","000000"
"36736099999","2021-09-10","46.65","82.75","441.0","BAHTY, KZ","  56.2"," 8","  33.1"," 8","1016.7"," 8","964.4"," 8"," 31.1"," 5","  3.9"," 4","  5.8","999.9","  72.1"," ","  35.8","*"," 0.00","I","999.9","000000"
"36736099999","2021-09-11","46.65","82.75","441.0","BAHTY, KZ","  57.2"," 8","  29.2"," 8","1015.3"," 8","963.1"," 8"," 31.1"," 5","  3.6"," 6","  5.8","999.9","  78.4"," ","  35.2"," "," 0.00","I","999.9","000000"
"36736099999","2021-09-12","46.65","82.75","441.0","BAHTY, KZ","  62.5"," 8","  34.6"," 8","1013.0"," 8","961.5"," 8"," 31.1"," 5","  4.4"," 7","  9.7","999.9","  79.7"," ","  40.5"," "," 0.00","I","999.9","000000"
"36736099999","2021-09-13","46.65","82.75","441.0","BAHTY, KZ","  57.9"," 8","  35.8"," 8","1017.5"," 8","965.3"," 8"," 31.1"," 5","  2.9"," 6","  5.8","999.9","  75.9"," ","  37.2","*"," 0.00","I","999.9","000000"
"36736099999","2021-09-14","46.65","82.75","441.0","BAHTY, KZ","  57.4"," 8","  31.4"," 8","1019.2"," 8","966.9"," 8"," 31.1"," 5","  1.9"," 4","  1.9","999.9","  79.0"," ","  35.2"," "," 0.00","I","999.9","000000"
"36736099999","2021-09-15","46.65","82.75","441.0","BAHTY, KZ","  69.2"," 8","  36.2"," 8","1013.1"," 8","962.2"," 8"," 31.1"," 5","  5.4"," 5","  9.7","999.9","  91.9"," ","  41.5"," "," 0.00","I","999.9","000000"
"36736099999","2021-09-16","46.65","82.75","441.0","BAHTY, KZ","  62.6"," 8","  35.2"," 8","1011.8"," 8","960.4"," 8"," 31.1"," 5","  2.9"," 4","  3.9","999.9","  83.3"," ","  41.7","*"," 0.00","I","999.9","000000"
"36736099999","2021-09-17","46.65","82.75","441.0","BAHTY, KZ","  63.8"," 8","  34.6"," 8","1010.4"," 8","959.2"," 8"," 31.1"," 5","  2.4"," 4","  3.9","999.9","  85.3"," ","  37.9"," "," 0.00","I","999.9","000000"
"36736099999","2021-09-18","46.65","82.75","441.0","BAHTY, KZ","  68.7"," 8","  35.8"," 8","1008.7"," 8","957.9"," 8"," 31.1"," 5","  3.9"," 6","  5.8","999.9","  93.9"," ","  46.9","*"," 0.00","I","999.9","000000"
"36736099999","2021-09-19","46.65","82.75","441.0","BAHTY, KZ","  67.1"," 8","  38.3"," 8","1009.4"," 8","958.6"," 8"," 31.1"," 5","  2.3"," 5","  3.9","999.9","  88.7"," ","  39.6"," "," 0.00","I","999.9","000000"
"36736099999","2021-09-20","46.65","82.75","441.0","BAHTY, KZ","  54.5"," 8","  26.1"," 8","1018.6"," 8","966.0"," 8"," 31.1"," 5","  4.9"," 6","  7.8","999.9","  68.5"," ","  32.7","*"," 0.00","I","999.9","000000"
"36736099999","2021-09-21","46.65","82.75","441.0","BAHTY, KZ","  49.3"," 8","  24.8"," 8","1017.5"," 8","964.5"," 8"," 31.1"," 5","  4.7"," 5","  9.7","999.9","  68.9"," ","  30.0","*"," 0.00","I","999.9","000000"
"36736099999","2021-09-22","46.65","82.75","441.0","BAHTY, KZ","  49.4"," 8","  23.2"," 8","1018.2"," 8","965.1"," 8"," 31.1"," 5","999.9"," 0","999.9","999.9","  68.9"," ","  27.1"," "," 0.00","I","999.9","000000"
"36736099999","2021-09-23","46.65","82.75","441.0","BAHTY, KZ","  51.6"," 8","  25.8"," 8","1017.4"," 8","964.6"," 8"," 31.1"," 5","  2.3"," 5","  3.9","999.9","  67.1"," ","  36.5"," "," 0.00","I","999.9","000000"
"36736099999","2021-09-24","46.65","82.75","441.0","BAHTY, KZ","  47.9"," 8","  23.9"," 8","1023.7"," 8","970.2"," 8"," 31.1"," 5","  3.3"," 7","  7.8","999.9","  64.2"," ","  30.7","*"," 0.00","I","999.9","000000"
"36736099999","2021-09-25","46.65","82.75","441.0","BAHTY, KZ","  46.3"," 8","  18.1"," 8","1025.3"," 8","971.4"," 8"," 31.1"," 5","  2.8"," 7","  3.9","999.9","  63.5"," ","  24.6"," "," 0.00","I","999.9","000000"
"36736099999","2021-09-26","46.65","82.75","441.0","BAHTY, KZ","  54.6"," 8","  24.1"," 8","1015.5"," 8","963.1"," 8"," 31.1"," 5","  2.3"," 6","  3.9","999.9","  72.5"," ","  30.6"," "," 0.00","I","999.9","000000"
"36736099999","2021-09-27","46.65","82.75","441.0","BAHTY, KZ","  61.5"," 8","  32.7"," 8","1012.2"," 8","960.6"," 8"," 31.1"," 5","  3.1"," 5","  5.8","999.9","  78.1"," ","  32.9"," "," 0.00","I","999.9","000000"
"36736099999","2021-09-28","46.65","82.75","441.0","BAHTY, KZ","  55.6"," 8","  38.5"," 8","1016.2"," 8","963.9"," 8"," 31.1"," 5","999.9"," 0","999.9","999.9","  72.0"," ","  38.7","*"," 0.00","I","999.9","000000"
"36736099999","2021-09-29","46.65","82.75","441.0","BAHTY, KZ","  57.7"," 8","  39.1"," 8","1015.0"," 8","962.9"," 8"," 31.1"," 5","  4.3"," 5","  7.8","999.9","  76.8"," ","  33.1"," "," 0.00","I","999.9","000000"
"36736099999","2021-09-30","46.65","82.75","441.0","BAHTY, KZ","  57.7"," 6","  46.9"," 6","1015.4"," 6","963.3"," 6"," 31.1"," 4","  4.3"," 5","  5.8","999.9","  65.3"," ","  43.5"," ","99.99"," ","999.9","010000"
"36736099999","2021-10-01","46.65","82.75","441.0","BAHTY, KZ","  44.1"," 7","  35.4"," 7","1021.5"," 7","967.7"," 7","999.9"," 0","  3.2"," 6","  5.8","999.9","  49.8"," ","  36.1","*"," 0.00","I","999.9","000000"
"36736099999","2021-10-02","46.65","82.75","441.0","BAHTY, KZ","  39.8"," 6","  31.7"," 6","1028.9"," 6","974.3"," 6","999.9"," 0","999.9"," 0","999.9","999.9","  50.4"," ","  28.9","*"," 0.00","I","999.9","000000"
"36736099999","2021-10-03","46.65","82.75","441.0","BAHTY, KZ","  44.6"," 8","  30.1"," 8","1028.6"," 8","974.5"," 8"," 31.1"," 4","  3.6"," 6","  5.8","999.9","  52.9"," ","  28.2"," "," 0.00","I","999.9","000000"
"36736099999","2021-10-04","46.65","82.75","441.0","BAHTY, KZ","  47.9"," 8","  31.9"," 8","1024.0"," 8","970.5"," 8"," 31.1"," 4","  3.2"," 8","  5.8","999.9","  58.1"," ","  41.5"," "," 0.00","I","999.9","000000"
"36736099999","2021-10-05","46.65","82.75","441.0","BAHTY, KZ","  49.9"," 8","  34.2"," 8","1020.3"," 8","967.2"," 8"," 31.1"," 4","  4.6"," 8","  7.8","999.9","  63.0"," ","  38.5","*","99.99"," ","999.9","010000"
"36736099999","2021-10-06","46.65","82.75","441.0","BAHTY, KZ","  36.8"," 7","  25.7"," 7","1032.2"," 7","977.1"," 7","999.9"," 0","  4.9"," 4","  7.8","999.9","  45.5"," ","  26.1","*"," 0.00","I","999.9","000000"
"36736099999","2021-10-07","46.65","82.75","441.0","BAHTY, KZ","  33.0"," 8","  20.5"," 8","1036.7"," 8","980.9"," 8"," 31.1"," 4","  3.9"," 6","  5.8","999.9","  50.0"," ","  20.8","*"," 0.00","I","999.9","000000"
"36736099999","2021-10-08","46.65","82.75","441.0","BAHTY, KZ","  37.2"," 8","  18.3"," 8","1036.5"," 8","981.2"," 8"," 31.1"," 4","  3.9"," 7","  5.8","999.9","  48.9"," ","  18.3"," "," 0.00","I","999.9","000000"
"36736099999","2021-10-09","46.65","82.75","441.0","BAHTY, KZ","  47.7"," 8","  19.2"," 8","1026.2"," 8","972.5"," 8"," 31.1"," 4"," 13.4"," 8"," 21.4","999.9","  57.0"," ","  31.6"," "," 0.00","I","999.9","000000"
"36736099999","2021-10-10","46.65","82.75","441.0","BAHTY, KZ","  49.7"," 8","  25.5"," 8","1022.9"," 8","969.6"," 8"," 31.1"," 4","  3.6"," 8","  5.8","999.9","  60.4"," ","  37.9"," "," 0.00","I","999.9","000000"
"36736099999","2021-10-11","46.65","82.75","441.0","BAHTY, KZ","  46.3"," 7","  38.6"," 7","1027.2"," 7","973.4"," 7"," 31.1"," 5","  3.9"," 5","  5.8","999.9","  51.8"," ","  41.4","*","99.99"," ","999.9","010000"
"36736099999","2021-10-12","46.65","82.75","441.0","BAHTY, KZ","  40.1"," 6","  37.4"," 6","1034.6"," 6","979.8"," 6","999.9"," 0","  3.4"," 4","  5.8","999.9","  52.2"," ","  35.8","*","99.99"," ","999.9","010000"
"36736099999","2021-10-13","46.65","82.75","441.0","BAHTY, KZ","  42.8"," 8","  31.1"," 8","1037.7"," 8","983.0"," 8"," 31.1"," 4","  5.8"," 7"," 11.7","999.9","  51.1"," ","  35.4"," "," 0.00","I","999.9","000000"
"36736099999","2021-10-14","46.65","82.75","441.0","BAHTY, KZ","  47.7"," 8","  26.7"," 8","1028.8"," 8","975.0"," 8"," 31.1"," 4"," 15.1"," 8"," 23.3","999.9","  56.7"," ","  37.2"," "," 0.00","I","999.9","000000"
"36736099999","2021-10-15","46.65","82.75","441.0","BAHTY, KZ","  51.3"," 8","  24.4"," 8","1025.9"," 8","972.6"," 8"," 31.1"," 4","  9.2"," 8"," 15.5","999.9","  64.0"," ","  39.2"," "," 0.00","I","999.9","000000"
"36736099999","2021-10-16","46.65","82.75","441.0","BAHTY, KZ","  53.2"," 8","  24.8"," 8","1022.5"," 8","969.6"," 8"," 31.1"," 4"," 10.0"," 7"," 17.5","999.9","  68.2"," ","  37.6"," "," 0.00","I","999.9","000000"
"36736099999","2021-10-17","46.65","82.75","441.0","BAHTY, KZ","  44.3"," 8","  29.5"," 8","1025.3"," 8","971.3"," 8"," 31.1"," 4","  1.9"," 5","  1.9","999.9","  64.8"," ","  30.2","*"," 0.00","I","999.9","000000"
"36736099999","2021-10-18","46.65","82.75","441.0","BAHTY, KZ","  49.8"," 8","  24.3"," 8","1022.6"," 8","969.3"," 8"," 31.1"," 4","  5.3"," 8","  9.7","999.9","  67.1"," ","  26.1"," "," 0.00","I","999.9","000000"
"36736099999","2021-10-19","46.65","82.75","441.0","BAHTY, KZ","  57.2"," 8","  19.4"," 8","1018.6"," 8","966.2"," 8"," 31.1"," 4"," 15.5"," 8"," 23.3","999.9","  66.4"," ","  47.8"," "," 0.00","I","999.9","000000"
"36736099999","2021-10-20","46.65","82.75","441.0","BAHTY, KZ","  51.2"," 8","  24.4"," 8","1019.3"," 8","966.3"," 8"," 31.1"," 4","  4.2"," 6","  7.8","999.9","  70.3"," ","  31.1","*"," 0.00","I","999.9","000000"
"36736099999","2021-10-21","46.65","82.75","441.0","BAHTY, KZ","  56.9"," 7","  28.5"," 7","1016.6"," 7","964.3"," 7"," 31.1"," 4","  5.2"," 6","  9.7","999.9","  69.1"," ","  30.2"," "," 0.00","I","999.9","000000"
"36736099999","2021-10-22","46.65","82.75","441.0","BAHTY, KZ","  39.9"," 7","  35.3"," 7","1032.2"," 7","977.5"," 7"," 16.8"," 4","  6.5"," 6"," 11.7","999.9","  50.0","*","  33.8","*","99.99"," ","999.9","010000"
"36736099999","2021-10-23","46.65","82.75","441.0","BAHTY, KZ","  34.9"," 8","  24.2"," 8","1040.5"," 8","984.7"," 8"," 31.1"," 4","  2.6"," 6","  3.9","999.9","  45.5"," ","  24.8","*"," 0.00","I","999.9","000000"
"36736099999","2021-10-24","46.65","82.75","441.0","BAHTY, KZ","  37.7"," 8","  23.1"," 8","1033.4"," 8","978.3"," 8"," 31.1"," 4","  3.9"," 6","  5.8","999.9","  52.0"," ","  20.7"," "," 0.00","I","999.9","000000"
"36736099999","2021-10-25","46.65","82.75","441.0","BAHTY, KZ","  50.9"," 8","  24.6"," 8","1020.2"," 8","967.1"," 8"," 31.1"," 4"," 11.4"," 8"," 17.5","999.9","  63.3"," ","  32.2"," "," 0.00","I","999.9","000000"
"36736099999","2021-10-26","46.65","82.75","441.0","BAHTY, KZ","  44.5"," 8","  26.6"," 8","1021.2"," 8","967.5"," 8"," 31.1"," 4","  2.8"," 7","  3.9","999.9","  65.5"," ","  27.3","*"," 0.00","I","999.9","000000"
"36736099999","2021-10-27","46.65","82.75","441.0","BAHTY, KZ","  47.6"," 8","  30.3"," 8","1025.1"," 8","971.5"," 8"," 31.1"," 4","  2.3"," 6","  3.9","999.9","  65.8"," ","  26.6"," "," 0.00","I","999.9","000000"
"36736099999","2021-10-28","46.65","82.75","441.0","BAHTY, KZ","  49.6"," 6","  44.4"," 6","1026.5"," 6","973.1"," 6","999.9"," 0","  3.1"," 5","  5.8","999.9","  54.5"," ","  46.9","*","99.99"," ","999.9","010000"
"36736099999","2021-10-29","46.65","82.75","441.0","BAHTY, KZ","  47.7"," 7","  43.3"," 7","1029.9"," 7","976.1"," 7","999.9"," 0","  1.9"," 5","  1.9","999.9","  55.0"," ","  37.4","*"," 0.00","I","999.9","000000"
"36736099999","2021-10-30","46.65","82.75","441.0","BAHTY, KZ","  41.9"," 8","  33.4"," 8","1033.4"," 8","978.8"," 8"," 31.1"," 4","  1.9"," 5","  1.9","999.9","  52.3"," ","  34.2"," "," 0.00","I","999.9","000000"
"36736099999","2021-10-31","46.65","82.75","441.0","BAHTY, KZ","  41.5"," 7","  36.2"," 7","1030.4"," 7","975.9"," 7"," 31.1"," 4","  3.2"," 6","  3.9","999.9","  49.6"," ","  34.7"," ","99.99"," ","999.9","010000"
"36736099999","2021-11-01","46.65","82.75","441.0","BAHTY, KZ","  39.9"," 6","  39.0"," 6","1030.3"," 6","975.7"," 6","999.9"," 0","  3.1"," 5","  3.9","999.9","  42.4"," ","  36.5"," ","99.99"," ","999.9","010000"
"36736099999","2021-11-02","46.65","82.75","441.0","BAHTY, KZ","  43.2"," 6","  36.5"," 6","1020.5"," 6","966.7"," 6","999.9"," 0","  3.4"," 4","  5.8","999.9","  51.3"," ","  38.3","*","99.99"," ","999.9","010000"
"36736099999","2021-11-03","46.65","82.75","441.0","BAHTY, KZ","  23.6"," 7","  17.1"," 7","1025.1"," 7","968.9"," 7","999.9"," 0","  4.2"," 7","  5.8","999.9","  42.4","*","   7.0","*","99.99"," ","999.9","001000"
"36736099999","2021-11-04","46.65","82.75","441.0","BAHTY, KZ","   8.0"," 8","   2.2"," 8","1044.9"," 8","985.7"," 8","999.9"," 0","  3.9"," 4","  5.8","999.9","  14.5"," ","   3.4"," "," 0.00","I","999.9","000000"
"36736099999","2021-11-05","46.65","82.75","441.0","BAHTY, KZ","  10.4"," 8","   3.6"," 8","1053.6"," 8","994.2"," 8","999.9"," 0","  2.3"," 5","  3.9","999.9","  18.1"," ","   1.6"," "," 0.00","I","999.9","000000"
"36736099999","2021-11-06","46.65","82.75","441.0","BAHTY, KZ","  19.5"," 8","   9.2"," 8","1044.4"," 8","986.6"," 8","999.9"," 0","  3.1"," 5","  5.8","999.9","  35.6"," ","   5.9"," "," 0.00","I","999.9","000000"
"36736099999","2021-11-07","46.65","82.75","441.0","BAHTY, KZ","  22.6"," 8","  13.3"," 8","1037.9"," 8","980.9"," 8","999.9"," 0","  2.3"," 5","  3.9","999.9","  39.7"," ","   8.6"," "," 0.00","I","999.9","000000"
"36736099999","2021-11-08","46.65","82.75","441.0","BAHTY, KZ","  33.0"," 8","  12.7"," 8","1033.9"," 8","978.3"," 8","999.9"," 0","  7.8"," 8"," 15.5","999.9","  43.9"," ","  16.3"," "," 0.00","I","999.9","000000"
"36736099999","2021-11-09","46.65","82.75","441.0","BAHTY, KZ","  30.2"," 8","  15.9"," 8","1034.3"," 8","978.3"," 8","999.9"," 0","  3.9"," 7","  5.8","999.9","  45.1"," ","  20.5","*"," 0.00","I","999.9","000000"
"36736099999","2021-11-10","46.65","82.75","441.0","BAHTY, KZ","  30.4"," 8","  17.4"," 8","1031.9"," 8","976.0"," 8","999.9"," 0","  4.4"," 7","  7.8","999.9","  46.4"," ","  18.0"," "," 0.00","I","999.9","000000"
"36736099999","2021-11-11","46.65","82.75","441.0","BAHTY, KZ","  28.8"," 8","  18.2"," 8","1030.9"," 8","974.9"," 8","999.9"," 0","  2.7"," 5","  3.9","999.9","  50.4"," ","  16.3"," "," 0.00","I","999.9","000000"
"36736099999","2021-11-12","46.65","82.75","441.0","BAHTY, KZ","  28.3"," 8","  18.2"," 8","1030.0"," 8","974.0"," 8","999.9"," 0","  2.6"," 6","  3.9","999.9","  50.9"," ","  14.9"," "," 0.00","I","999.9","000000"
"36736099999","2021-11-13","46.65","82.75","441.0","BAHTY, KZ","  33.7"," 8","  22.1"," 8","1026.7"," 8","971.5"," 8","999.9"," 0","  3.5"," 5","  7.8","999.9","  50.9"," ","  18.7"," "," 0.00","I","999.9","000000"
"36736099999","2021-11-14","46.65","82.75","441.0","BAHTY, KZ","  38.9"," 8","  28.1"," 8","1021.8"," 8","967.5"," 8","999.9"," 0","  2.3"," 6","  3.9","999.9","  52.7"," ","  24.1"," ","99.99"," ","999.9","010000"
"36736099999","2021-11-15","46.65","82.75","441.0","BAHTY, KZ","  32.1"," 6","  29.8"," 6","1029.6"," 6","974.1"," 6","999.9"," 0","  2.6"," 6","  3.9","999.9","  34.5"," ","  27.7","*","99.99"," ","999.9","010000"
"36736099999","2021-11-16","46.65","82.75","441.0","BAHTY, KZ","  32.8"," 8","  24.2"," 8","1022.5"," 8","967.4"," 8","999.9"," 0","  4.6"," 8","  9.7","999.9","  43.2"," ","  26.6"," "," 0.00","I","  0.4","000000"
"36736099999","2021-11-17","46.65","82.75","441.0","BAHTY, KZ","  33.6"," 7","  23.2"," 7","1020.7"," 7","965.8"," 7","999.9"," 0","  6.8"," 6","  9.7","999.9","  41.7"," ","  22.6"," "," 0.00","I","999.9","000000"
"36736099999","2021-11-18","46.65","82.75","441.0","BAHTY, KZ","  22.2"," 7","  13.7"," 7","1035.3"," 7","978.4"," 7","999.9"," 0","  5.2"," 6"," 11.7","999.9","  27.3","*","  19.4","*","99.99"," ","999.9","001000"
"36736099999","2021-11-19","46.65","82.75","441.0","BAHTY, KZ","  13.9"," 6","  10.6"," 6","1041.4"," 6","983.1"," 6","999.9"," 0","  3.6"," 6","  5.8","999.9","  25.9"," ","  -2.4","*","99.99"," ","999.9","001000"
"36736099999","2021-11-20","46.65","82.75","441.0","BAHTY, KZ","  19.9"," 8","   6.6"," 8","1038.1"," 8","980.7"," 8","999.9"," 0","  8.7"," 8"," 13.6","999.9","  26.6"," ","  -3.3"," "," 0.00","I","  2.4","000000"
"36736099999","2021-11-21","46.65","82.75","441.0","BAHTY, KZ","  29.0"," 8","  13.6"," 8","1026.6"," 8","970.9"," 8","999.9"," 0"," 10.9"," 8"," 15.5","999.9","  39.6"," ","  20.8","*"," 0.00","I","  1.6","000000"
"36736099999","2021-11-22","46.65","82.75","441.0","BAHTY, KZ","  31.9"," 7","  20.5"," 7","1027.1"," 7","971.7"," 7","999.9"," 0","  3.9"," 5","  5.8","999.9","  39.2"," ","  19.0"," "," 0.00","I","  1.6","000000"
"36736099999","2021-11-23","46.65","82.75","441.0","BAHTY, KZ","  33.2"," 7","  25.0"," 7","1025.7"," 7","970.5"," 7","999.9"," 0","  3.1"," 7","  5.8","999.9","  42.4"," ","  27.7"," "," 0.00","I","999.9","000000"
"36736099999","2021-11-24","46.65","82.75","441.0","BAHTY, KZ","  31.6"," 8","  24.5"," 8","1024.7"," 8","969.5"," 8","999.9"," 0","  1.9"," 6","  1.9","999.9","  41.9"," ","  24.4"," "," 0.00","I","  0.4","000000"
"36736099999","2021-11-25","46.65","82.75","441.0","BAHTY, KZ","  39.2"," 8","  28.4"," 8","1019.1"," 8","964.9"," 8","999.9"," 0","  3.6"," 8","  7.8","999.9","  53.2"," ","  25.3"," "," 0.00","I","  0.4","000000"
"36736099999","2021-11-26","46.65","82.75","441.0","BAHTY, KZ","  28.3"," 6","  22.3"," 6","1033.9"," 6","977.7"," 6","999.9"," 0","  4.7"," 5","  5.8","999.9","  37.6"," ","  18.5","*","99.99"," ","999.9","010000"
"36736099999","2021-11-27","46.65","82.75","441.0","BAHTY, KZ","  20.9"," 8","  12.7"," 8","1048.2"," 8","990.4"," 8","999.9"," 0","  3.6"," 8","  5.8","999.9","  28.4"," ","  16.3"," "," 0.00","I","999.9","000000"
"36736099999","2021-11-28","46.65","82.75","441.0","BAHTY, KZ","  29.5"," 8","  14.5"," 8","1038.0"," 8","981.7"," 8","999.9"," 0","  6.6"," 8","  9.7","999.9","  40.1"," ","  16.0"," "," 0.00","I","999.9","000000"
"36736099999","2021-11-29","46.65","82.75","441.0","BAHTY, KZ","  34.5"," 8","   9.9"," 8","1031.3"," 8","975.9"," 8","999.9"," 0","  6.8"," 8","  9.7","999.9","  44.1"," ","  27.0","*"," 0.00","I","999.9","000000"
"36736099999","2021-11-30","46.65","82.75","441.0","BAHTY, KZ","  27.9"," 8","  13.7"," 8","1032.2"," 8","976.1"," 8","999.9"," 0","  2.3"," 5","  3.9","999.9","  46.4"," ","  14.9","*"," 0.00","I","999.9","000000"
"36736099999","2021-12-01","46.65","82.75","441.0","BAHTY, KZ","  27.4"," 8","  16.7"," 8","1029.6"," 8","973.5"," 8","999.9"," 0","  3.9"," 6","  7.8","999.9","  48.9"," ","  13.1"," "," 0.00","I","999.9","000000"
"36736099999","2021-12-02","46.65","82.75","441.0","BAHTY, KZ","  31.4"," 8","  16.1"," 8","1025.3"," 8","970.0"," 8","999.9"," 0","  7.8"," 7"," 11.7","999.9","  46.9"," ","  18.0","*"," 0.00","I","999.9","000000"
"36736099999","2021-12-03","46.65","82.75","441.0","BAHTY, KZ","  31.5"," 8","  16.5"," 8","1025.7"," 8","970.2"," 8","999.9"," 0","  3.2"," 8","  7.8","999.9","  43.5"," ","  15.3"," "," 0.00","I","999.9","000000"
"36736099999","2021-12-04","46.65","82.75","441.0","BAHTY, KZ","  32.4"," 7","  22.3"," 7","1029.8"," 7","974.3"," 7","999.9"," 0","999.9"," 0","999.9","999.9","  46.4"," ","  23.0","*"," 0.00","I","999.9","000000"
"36736099999","2021-12-05","46.65","82.75","441.0","BAHTY, KZ","  37.8"," 8","  25.7"," 8","1022.7"," 8","968.2"," 8","999.9"," 0","  6.1"," 7","  7.8","999.9","  49.1"," ","  22.3"," "," 0.00","I","999.9","000000"
"36736099999","2021-12-06","46.65","82.75","441.0","BAHTY, KZ","  29.1"," 8","  22.8"," 8","1028.0"," 8","972.2"," 8","999.9"," 0","  2.3"," 5","  3.9","999.9","  39.2"," ","  22.6"," "," 0.00","I","999.9","000000"
"36736099999","2021-12-07","46.65","82.75","441.0","BAHTY, KZ","  32.6"," 6","  30.7"," 6","1029.7"," 6","974.3"," 6","999.9"," 0","999.9"," 0","999.9","999.9","  34.5"," ","  24.8"," ","99.99"," ","999.9","001000"
"36736099999","2021-12-08","46.65","82.75","441.0","BAHTY, KZ","  31.9"," 7","  29.5"," 7","1031.4"," 7","975.8"," 7","999.9"," 0","999.9"," 0","999.9","999.9","  34.3"," ","  26.8","*","99.99"," ","999.9","001000"
"36736099999","2021-12-09","46.65","82.75","441.0","BAHTY, KZ","   2.2"," 7","  -4.0"," 7","1049.9"," 7","989.7"," 7","999.9"," 0","  3.1"," 5","  3.9","999.9","  11.3"," ","  -6.9","*"," 0.00","I","999.9","000000"
"36736099999","2021-12-10","46.65","82.75","441.0","BAHTY, KZ","   2.3"," 8","  -4.6"," 8","1048.6"," 8","988.5"," 8","999.9"," 0","  2.9"," 6","  3.9","999.9","  15.8"," ","  -9.0"," "," 0.00","I","  1.6","000000"
"36736099999","2021-12-11","46.65","82.75","441.0","BAHTY, KZ","  24.2"," 8","   5.9"," 8","1034.1"," 8","977.4"," 8","999.9"," 0"," 11.2"," 8"," 15.5","999.9","  36.7"," ","  -0.9"," "," 0.00","I","  1.6","000000"
"36736099999","2021-12-12","46.65","82.75","441.0","BAHTY, KZ","  25.8"," 8","  13.1"," 8","1030.8"," 8","974.5"," 8","999.9"," 0","  5.8"," 5","  7.8","999.9","  34.7"," ","  21.9"," ","99.99"," ","  1.2","001000"
"36736099999","2021-12-13","46.65","82.75","441.0","BAHTY, KZ","  25.1"," 6","  22.1"," 6","1030.8"," 6","974.5"," 6","999.9"," 0","  2.6"," 6","  3.9","999.9","  28.4"," ","  21.9","*","99.99"," ","999.9","001000"
"36736099999","2021-12-14","46.65","82.75","441.0","BAHTY, KZ","  15.0"," 7","  10.0"," 7","1037.2"," 7","979.3"," 7","999.9"," 0","  3.4"," 4","  3.9","999.9","  19.8","*","   9.7","*"," 0.00","I","999.9","000000"
"36736099999","2021-12-15","46.65","82.75","441.0","BAHTY, KZ","  10.4"," 8","   5.0"," 8","1044.1"," 8","985.3"," 8","999.9"," 0","  2.3"," 6","  3.9","999.9","  19.4"," ","   3.9"," "," 0.00","I","  3.5","000000"
"36736099999","2021-12-16","46.65","82.75","441.0","BAHTY, KZ","  11.9"," 8","   5.5"," 8","1045.5"," 8","986.8"," 8","999.9"," 0","  3.4"," 4","  3.9","999.9","  26.4"," ","   2.5","*"," 0.00","I","  3.1","000000"
"36736099999","2021-12-17","46.65","82.75","441.0","BAHTY, KZ","   8.3"," 8","   2.3"," 8","1038.1"," 8","979.4"," 8","999.9"," 0","  1.9"," 7","  1.9","999.9","  23.0"," ","   0.3"," "," 0.00","I","  3.1","000000"
"36736099999","2021-12-18","46.65","82.75","441.0","BAHTY, KZ","  11.1"," 8","   5.0"," 8","1028.5"," 8","970.5"," 8","999.9"," 0","  2.3"," 6","  3.9","999.9","  32.9"," ","  -1.1"," "," 0.00","I","  2.8","000000"
"36736099999","2021-12-19","46.65","82.75","441.0","BAHTY, KZ","  15.0"," 8","   8.9"," 8","1022.0"," 8","964.9"," 8","999.9"," 0","  2.4"," 4","  3.9","999.9","  28.6"," ","   2.7"," "," 0.00","I","  2.4","000000"
"36736099999","2021-12-20","46.65","82.75","441.0","BAHTY, KZ","  25.7"," 7","  22.5"," 7","1026.0"," 7","970.0"," 7","999.9"," 0","  2.6"," 6","  3.9","999.9","  31.8"," ","   9.3"," ","99.99"," ","  2.4","001000"
"36736099999","2021-12-21","46.65","82.75","441.0","BAHTY, KZ","  28.2"," 6","  23.9"," 6","1028.7"," 6","972.8"," 6","999.9"," 0","999.9"," 0","999.9","999.9","  35.6"," ","  16.9","*","99.99"," ","999.9","001000"
"36736099999","2021-12-22","46.65","82.75","441.0","BAHTY, KZ","  30.4"," 8","  19.4"," 8","1021.1"," 8","965.8"," 8","999.9"," 0"," 11.2"," 8"," 17.5","999.9","  39.4"," ","   6.1"," "," 0.00","I","  4.3","000000"
"36736099999","2021-12-23","46.65","82.75","441.0","BAHTY, KZ","  26.1"," 8","  18.8"," 8","1027.6"," 8","971.5"," 8","999.9"," 0","  3.1"," 7","  5.8","999.9","  35.2"," ","  15.1","*"," 0.00","I","  3.5","000000"
"36736099999","2021-12-24","46.65","82.75","441.0","BAHTY, KZ","  23.4"," 8","  16.1"," 8","1032.1"," 8","975.4"," 8","999.9"," 0","  5.6"," 8"," 11.7","999.9","  35.4"," ","  12.7"," "," 0.00","I","  3.1","000000"
"36736099999","2021-12-25","46.65","82.75","441.0","BAHTY, KZ","  28.2"," 8","  16.0"," 8","1028.6"," 8","972.7"," 8","999.9"," 0"," 19.4"," 8"," 25.3","999.9","  33.8"," ","  19.2"," "," 0.00","I","  3.1","000000"
"36736099999","2021-12-26","46.65","82.75","441.0","BAHTY, KZ","  23.3"," 8","  10.1"," 8","1030.5"," 8","973.9"," 8","999.9"," 0"," 15.8"," 8"," 21.4","999.9","  26.6"," ","  19.6","*"," 0.00","I","  2.8","000000"
"36736099999","2021-12-27","46.65","82.75","441.0","BAHTY, KZ","  19.9"," 8","  11.3"," 8","1038.6"," 8","981.2"," 8","999.9"," 0","  2.4"," 4","  3.9","999.9","  24.4"," ","  15.3"," "," 0.00","I","  2.4","000000"
"36736099999","2021-12-28","46.65","82.75","441.0","BAHTY, KZ","  15.1"," 8","   9.6"," 8","1039.9"," 8","981.8"," 8","999.9"," 0","  2.8"," 7","  3.9","999.9","  29.3"," ","   1.4","*"," 0.00","I","  2.0","000000"
"36736099999","2021-12-29","46.65","82.75","441.0","BAHTY, KZ","  12.6"," 8","   7.3"," 8","1034.1"," 8","976.0"," 8","999.9"," 0","  3.4"," 4","  3.9","999.9","  31.1"," ","   0.5"," "," 0.00","I","  2.0","000000"
"36736099999","2021-12-30","46.65","82.75","441.0","BAHTY, KZ","  13.5"," 8","  10.1"," 8","1035.8"," 8","977.8"," 8","999.9"," 0","  2.7"," 5","  3.9","999.9","  23.7"," ","   0.9","*"," 0.00","I","  1.6","100000"
"36736099999","2021-12-31","46.65","82.75","441.0","BAHTY, KZ","  13.2"," 8","   8.0"," 8","1033.0"," 8","975.1"," 8","999.9"," 0","  2.6"," 6","  3.9","999.9","  28.4"," ","  -3.8"," "," 0.00","I","  1.6","000000"
