"STATION","DATE","LATITUDE","LONGITUDE","ELEVATION","NAME","TEMP","TEMP_ATTRIBUTES","DEWP","DEWP_ATTRIBUTES","SLP","SLP_ATTRIBUTES","STP","STP_ATTRIBUTES","VISIB","VISIB_ATTRIBUTES","WDSP","WDSP_ATTRIBUTES","MXSPD","GUST","MAX","MAX_ATTRIBUTES","MIN","MIN_ATTRIBUTES","PRCP","PRCP_ATTRIBUTES","SNDP","FRSHTT"
"47690099999","2021-01-08","36.7333333","139.5","1294.0","NIKKO, JA","  14.6","14","   8.8","14","9999.9"," 0","856.1","14"," 10.1","14","  8.4","14"," 11.1","999.9","  19.6"," ","  12.4","*"," 0.00","E","999.9","001000"
"47690099999","2021-01-09","36.7333333","139.5","1294.0","NIKKO, JA","  15.4","24","   7.0","24","9999.9"," 0","858.7","24"," 11.5","24","  7.0","24"," 12.0","999.9","  21.9"," ","   9.1","*"," 0.00","F","999.9","001000"
"47690099999","2021-01-10","36.7333333","139.5","1294.0","NIKKO, JA","  18.9","24","   6.8","24","9999.9"," 0","866.0","24"," 12.4","24","  6.5","24"," 15.9","999.9","  24.1"," ","   7.7"," "," 0.00","F","999.9","001000"
"47690099999","2021-01-11","36.7333333","139.5","1294.0","NIKKO, JA","  22.8","23","  12.7","23","9999.9"," 0","870.3","23"," 12.3","23","  4.6","23","  8.9","999.9","  26.8","*","  12.7"," "," 0.00","F","999.9","001000"
"47690099999","2021-01-12","36.7333333","139.5","1294.0","NIKKO, JA","  26.4","23","  21.1","23","9999.9"," 0","862.8","23","  9.0","23","  6.4","23"," 15.9","999.9","  30.4"," ","  19.0"," "," 0.00","F","999.9","101000"
"47690099999","2021-01-13","36.7333333","139.5","1294.0","NIKKO, JA","  27.8","24","  18.1","24","9999.9"," 0","866.0","24"," 12.4","24","  7.2","24"," 17.1","999.9","  35.4","*","  19.6"," "," 0.00","F","999.9","000000"
"47690099999","2021-01-14","36.7333333","139.5","1294.0","NIKKO, JA","  32.0","24","  18.7","24","9999.9"," 0","870.5","24"," 11.0","24"," 11.6","24"," 28.0","999.9","  38.5"," ","  21.0"," "," 0.00","F","999.9","001000"
"47690099999","2021-01-15","36.7333333","139.5","1294.0","NIKKO, JA","  35.4","24","  24.9","24","9999.9"," 0","869.8","24"," 12.0","24","  7.4","24"," 17.1","999.9","  39.9"," ","  23.2"," "," 0.00","F","999.9","011000"
"47690099999","2021-01-16","36.7333333","139.5","1294.0","NIKKO, JA","  30.8","24","  19.8","24","9999.9"," 0","863.3","24"," 11.9","24"," 12.9","24"," 20.0","999.9","  44.8"," ","  24.1","*"," 0.04","F","999.9","011000"
"47690099999","2021-01-17","36.7333333","139.5","1294.0","NIKKO, JA","  22.8","24","  17.5","24","9999.9"," 0","864.3","24"," 12.2","24","  4.9","24"," 13.0","999.9","  29.1"," ","  18.3","*"," 0.00","F","999.9","001000"
"47690099999","2021-01-18","36.7333333","139.5","1294.0","NIKKO, JA","  24.2","24","  13.8","24","9999.9"," 0","860.0","24","  8.1","24"," 12.4","24"," 31.1","999.9","  31.5"," ","  18.1"," "," 0.00","F","999.9","001000"
"47690099999","2021-01-19","36.7333333","139.5","1294.0","NIKKO, JA","  16.1","24","   2.8","24","9999.9"," 0","868.2","24"," 10.9","24"," 13.2","24"," 32.1","999.9","  20.7"," ","  10.2","*"," 0.02","F","999.9","001000"
"47690099999","2021-01-20","36.7333333","139.5","1294.0","NIKKO, JA","  23.5","24","  10.0","24","9999.9"," 0","875.6","24"," 12.4","24","  4.5","24","  7.0","999.9","  28.9"," ","   9.3"," "," 0.00","F","999.9","000000"
"47690099999","2021-01-21","36.7333333","139.5","1294.0","NIKKO, JA","  32.9","24","  17.3","24","9999.9"," 0","872.3","24"," 12.1","24","  4.6","24","  8.0","999.9","  40.1"," ","  19.0"," "," 0.00","F","999.9","000000"
"47690099999","2021-01-22","36.7333333","139.5","1294.0","NIKKO, JA","  36.8","24","  28.7","24","9999.9"," 0","870.5","24"," 12.4","24","  5.3","24"," 17.1","999.9","  44.8"," ","  26.8"," "," 0.00","F","999.9","000000"
"47690099999","2021-01-23","36.7333333","139.5","1294.0","NIKKO, JA","  29.1","24","  28.9","24","9999.9"," 0","871.3","24","  1.6","24","  2.6","24","  6.0","999.9","  33.8"," ","  25.3","*"," 0.24","F","999.9","111000"
"47690099999","2021-01-24","36.7333333","139.5","1294.0","NIKKO, JA","  30.4","24","  30.0","24","9999.9"," 0","872.7","24","  6.4","24","  3.5","24","  8.0","999.9","  33.1"," ","  24.8","*"," 0.47","F","999.9","111000"
"47690099999","2021-01-25","36.7333333","139.5","1294.0","NIKKO, JA","  28.0","24","  20.3","24","9999.9"," 0","876.8","24"," 12.4","24","  6.6","24","  9.9","999.9","  39.4"," ","  20.5","*"," 0.00","F","999.9","000000"
"47690099999","2021-01-26","36.7333333","139.5","1294.0","NIKKO, JA","  35.8","23","  31.5","23","9999.9"," 0","870.8","23"," 11.1","23","  7.3","23"," 13.0","999.9","  40.8","*","  19.2"," "," 0.00","F","999.9","011000"
"47690099999","2021-01-27","36.7333333","139.5","1294.0","NIKKO, JA","  34.5","24","  19.2","24","9999.9"," 0","866.0","24"," 12.4","24","  7.8","24"," 18.1","999.9","  49.6"," ","  24.8","*"," 0.20","F","999.9","000000"
"47690099999","2021-01-28","36.7333333","139.5","1294.0","NIKKO, JA","  27.8","24","  25.1","24","9999.9"," 0","857.9","24","  6.6","24","  5.8","24"," 15.9","999.9","  30.7"," ","  21.9","*"," 0.00","F","999.9","001000"
"47690099999","2021-01-29","36.7333333","139.5","1294.0","NIKKO, JA","  18.1","24","  10.1","24","9999.9"," 0","855.8","24","  3.1","24"," 22.2","24"," 28.0","999.9","  24.3"," ","  14.7","*"," 0.02","F","999.9","001000"
"47690099999","2021-01-30","36.7333333","139.5","1294.0","NIKKO, JA","  21.5","24","  14.7","24","9999.9"," 0","866.6","24","  2.8","24"," 17.6","24"," 25.1","999.9","  26.4","*","  14.0"," "," 0.04","F","999.9","001000"
"47690099999","2021-01-31","36.7333333","139.5","1294.0","NIKKO, JA","  23.3","23","   9.0","23","9999.9"," 0","875.5","23"," 12.4","23","  6.3","23","  9.9","999.9","  30.4"," ","  17.8","*"," 0.00","F","999.9","000000"
"47690099999","2021-02-01","36.7333333","139.5","1294.0","NIKKO, JA","  36.0","24","  28.3","24","9999.9"," 0","867.1","24"," 11.4","24"," 11.4","24"," 20.0","999.9","  41.2","*","  17.2"," "," 0.00","F","999.9","011000"
"47690099999","2021-02-02","36.7333333","139.5","1294.0","NIKKO, JA","  27.2","24","  15.3","24","9999.9"," 0","859.2","24"," 10.9","24"," 21.5","24"," 27.0","999.9","  39.6"," ","  21.7","*"," 0.08","F","999.9","011000"
"47690099999","2021-02-03","36.7333333","139.5","1294.0","NIKKO, JA","  22.4","23","   9.7","23","9999.9"," 0","864.2","23"," 11.8","23"," 14.4","23"," 21.0","999.9","  25.3"," ","  20.7","*"," 0.00","F","999.9","001000"
"47690099999","2021-02-04","36.7333333","139.5","1294.0","NIKKO, JA","  23.6","24","  12.5","24","9999.9"," 0","862.4","24","  7.0","24"," 19.4","24"," 25.1","999.9","  29.1"," ","  20.1","*"," 0.00","F","999.9","001000"
"47690099999","2021-02-05","36.7333333","139.5","1294.0","NIKKO, JA","  28.0","24","  14.9","24","9999.9"," 0","867.4","24"," 12.4","24","  4.2","24"," 13.0","999.9","  35.8"," ","  19.9"," "," 0.00","F","999.9","000000"
"47690099999","2021-02-06","36.7333333","139.5","1294.0","NIKKO, JA","  34.5","24","  16.9","24","9999.9"," 0","864.4","24"," 12.4","24","  8.0","24"," 24.1","999.9","  44.6"," ","  23.0"," "," 0.00","F","999.9","000000"
"47690099999","2021-02-07","36.7333333","139.5","1294.0","NIKKO, JA","  29.3","24","  15.7","24","9999.9"," 0","861.1","24"," 12.2","24"," 17.6","24"," 24.1","999.9","  39.4"," ","  20.3","*"," 0.00","F","999.9","001000"
"47690099999","2021-02-08","36.7333333","139.5","1294.0","NIKKO, JA","  18.6","24","   8.8","24","9999.9"," 0","860.2","24","  5.9","24"," 16.1","24"," 25.1","999.9","  26.6"," ","  13.8","*"," 0.00","F","999.9","001000"
"47690099999","2021-02-09","36.7333333","139.5","1294.0","NIKKO, JA","  20.3","22","  11.9","22","9999.9"," 0","865.3","22","  6.3","22"," 13.7","22"," 26.0","999.9","  27.3","*","  13.3"," "," 0.00","F","999.9","001000"
"47690099999","2021-02-10","36.7333333","139.5","1294.0","NIKKO, JA","  30.7","13","  16.3","13","9999.9"," 0","866.9","13"," 11.7","13"," 11.7","13"," 15.9","999.9","  33.4","*","  19.2"," "," 0.00","E","999.9","001000"
"47690099999","2021-02-13","36.7333333","139.5","1294.0","NIKKO, JA","  29.7","14","  24.4","14","9999.9"," 0","876.0","14"," 12.4","14","  8.3","14","  9.9","999.9","  46.8"," ","  27.0","*"," 0.00","E","999.9","000000"
"47690099999","2021-02-14","36.7333333","139.5","1294.0","NIKKO, JA","  39.4","24","  33.3","24","9999.9"," 0","869.9","24"," 11.0","24","  4.7","24","  8.0","999.9","  48.7"," ","  26.2"," "," 0.00","F","999.9","010000"
"47690099999","2021-02-15","36.7333333","139.5","1294.0","NIKKO, JA","  35.8","24","  30.1","24","9999.9"," 0","846.7","24","  6.1","24"," 19.6","24"," 33.0","999.9","  43.9"," ","  25.7","*"," 1.81","F","999.9","011000"
"47690099999","2021-02-16","36.7333333","139.5","1294.0","NIKKO, JA","  24.8","24","  13.2","24","9999.9"," 0","851.3","24"," 10.4","24"," 18.4","24"," 31.1","999.9","  32.4"," ","  21.0","*"," 0.00","F","999.9","001000"
"47690099999","2021-02-17","36.7333333","139.5","1294.0","NIKKO, JA","  18.1","24","  10.5","24","9999.9"," 0","849.4","24","  6.1","24"," 12.9","24"," 20.0","999.9","  26.2"," ","  13.8","*"," 0.00","F","999.9","101000"
"47690099999","2021-02-18","36.7333333","139.5","1294.0","NIKKO, JA","  19.1","24","  10.0","24","9999.9"," 0","856.0","24","  6.5","24"," 12.8","24"," 22.9","999.9","  24.4","*","  13.5"," "," 0.04","F","999.9","001000"
"47690099999","2021-02-19","36.7333333","139.5","1294.0","NIKKO, JA","  30.2","12","  13.8","12","9999.9"," 0","863.3","12"," 12.4","12","  3.7","12"," 12.0","999.9","  36.5","*","  16.3"," "," 0.00","E","999.9","000000"
"47690099999","2021-02-21","36.7333333","139.5","1294.0","NIKKO, JA","  31.5"," 9","  26.0"," 9","9999.9"," 0","867.1"," 9"," 12.4"," 9","  6.0"," 9","  8.0","999.9","  37.8","*","  29.7","*"," 0.00","I","999.9","000000"
"47690099999","2021-02-22","36.7333333","139.5","1294.0","NIKKO, JA","  42.9","24","  26.6","24","9999.9"," 0","862.3","24"," 12.4","24"," 10.6","24"," 27.0","999.9","  56.7"," ","  29.1"," "," 0.00","F","999.9","011000"
"47690099999","2021-02-23","36.7333333","139.5","1294.0","NIKKO, JA","  23.0","22","  10.0","22","9999.9"," 0","863.1","22"," 11.9","22"," 23.2","22"," 28.9","999.9","  31.8"," ","  18.7","*"," 0.00","F","999.9","001000"
"47690099999","2021-02-24","36.7333333","139.5","1294.0","NIKKO, JA","  22.5","24","   1.4","24","9999.9"," 0","869.5","24"," 12.4","24"," 10.2","24"," 17.1","999.9","  28.2"," ","  17.1","*"," 0.00","F","999.9","000000"
"47690099999","2021-02-25","36.7333333","139.5","1294.0","NIKKO, JA","  29.4","24","   9.0","24","9999.9"," 0","872.0","24"," 12.4","24","  5.8","24"," 13.0","999.9","  37.6"," ","  15.8"," "," 0.00","F","999.9","000000"
"47690099999","2021-02-26","36.7333333","139.5","1294.0","NIKKO, JA","  27.1","24","   8.8","24","9999.9"," 0","869.8","24"," 12.4","23","  9.2","24"," 14.0","999.9","  34.7"," ","  18.0","*"," 0.00","F","999.9","000000"
"47690099999","2021-02-27","36.7333333","139.5","1294.0","NIKKO, JA","  22.6","24","   5.1","24","9999.9"," 0","878.1","24"," 12.4","24","  7.3","24"," 15.9","999.9","  32.2"," ","  17.4","*"," 0.00","F","999.9","000000"
"47690099999","2021-02-28","36.7333333","139.5","1294.0","NIKKO, JA","  31.9","24","  15.2","24","9999.9"," 0","880.1","24"," 12.4","24","  6.7","24"," 13.0","999.9","  44.1"," ","  17.2"," "," 0.00","F","999.9","000000"
"47690099999","2021-03-01","36.7333333","139.5","1294.0","NIKKO, JA","  42.3","24","  31.1","24","9999.9"," 0","872.1","24"," 12.4","24","  7.2","24"," 15.0","999.9","  47.7"," ","  23.2"," "," 0.00","F","999.9","010000"
"47690099999","2021-03-02","36.7333333","139.5","1294.0","NIKKO, JA","  34.5","24","  23.9","24","9999.9"," 0","863.0","24"," 10.4","24"," 11.7","24"," 27.0","999.9","  46.9"," ","  21.2","*"," 0.59","F","999.9","011000"
"47690099999","2021-03-03","36.7333333","139.5","1294.0","NIKKO, JA","  25.2","24","  18.1","24","9999.9"," 0","877.7","24"," 12.4","24","  3.7","24","  8.0","999.9","  33.4"," ","  18.9","*"," 0.00","F","999.9","000000"
"47690099999","2021-03-04","36.7333333","139.5","1294.0","NIKKO, JA","  34.3","24","  28.7","24","9999.9"," 0","879.3","24"," 11.2","24","  5.8","24","  9.9","999.9","  40.6"," ","  18.1"," "," 0.00","F","999.9","011000"
"47690099999","2021-03-05","36.7333333","139.5","1294.0","NIKKO, JA","  38.1","24","  35.1","24","9999.9"," 0","873.2","24"," 12.0","24","  5.0","24","  8.9","999.9","  43.0"," ","  31.6"," "," 0.02","F","999.9","010000"
"47690099999","2021-03-06","36.7333333","139.5","1294.0","NIKKO, JA","  36.9","24","  25.1","24","9999.9"," 0","872.2","24"," 12.2","24","  7.1","24"," 15.0","999.9","  51.8"," ","  23.4","*"," 0.02","F","999.9","000000"
"47690099999","2021-03-07","36.7333333","139.5","1294.0","NIKKO, JA","  31.0","24","  26.6","24","9999.9"," 0","874.9","24"," 12.4","24","  4.8","24","  8.9","999.9","  35.2"," ","  22.8"," "," 0.00","F","999.9","000000"
"47690099999","2021-03-08","36.7333333","139.5","1294.0","NIKKO, JA","  31.3","24","  28.8","24","9999.9"," 0","874.7","24","  8.3","24","  4.3","24","  8.9","999.9","  38.5"," ","  24.4","*"," 0.00","F","999.9","110000"
"47690099999","2021-03-09","36.7333333","139.5","1294.0","NIKKO, JA","  35.9","24","  28.2","24","9999.9"," 0","872.4","24"," 11.2","24","  6.2","24"," 15.9","999.9","  43.9"," ","  24.1"," "," 0.00","F","999.9","100000"
"47690099999","2021-03-10","36.7333333","139.5","1294.0","NIKKO, JA","  31.8","24","   8.5","24","9999.9"," 0","874.0","24"," 12.4","24"," 10.7","24"," 20.0","999.9","  41.9"," ","  25.0","*"," 0.00","F","999.9","000000"
"47690099999","2021-03-11","36.7333333","139.5","1294.0","NIKKO, JA","  35.6","24","  20.3","24","9999.9"," 0","877.8","24"," 12.4","24","  6.1","24","  9.9","999.9","  45.5"," ","  24.1"," "," 0.00","F","999.9","000000"
"47690099999","2021-03-12","36.7333333","139.5","1294.0","NIKKO, JA","  39.5","24","  26.8","24","9999.9"," 0","874.1","24","  8.7","24","  5.2","24"," 12.0","999.9","  46.9"," ","  29.8"," "," 0.00","F","999.9","011000"
"47690099999","2021-03-13","36.7333333","139.5","1294.0","NIKKO, JA","  38.4","24","  32.1","24","9999.9"," 0","859.7","24","  7.6","24"," 13.2","24"," 21.0","999.9","  40.5"," ","  32.4"," "," 2.64","F","999.9","010000"
"47690099999","2021-03-14","36.7333333","139.5","1294.0","NIKKO, JA","  34.3","23","  21.6","23","9999.9"," 0","862.4","23"," 12.4","23"," 11.7","23"," 26.0","999.9","  41.7"," ","  27.9","*"," 0.00","F","999.9","000000"
"47690099999","2021-03-15","36.7333333","139.5","1294.0","NIKKO, JA","  37.3","24","  16.6","24","9999.9"," 0","867.7","24"," 12.4","24","  7.2","24"," 11.1","999.9","  52.7"," ","  27.1"," "," 0.00","F","999.9","000000"
"47690099999","2021-03-16","36.7333333","139.5","1294.0","NIKKO, JA","  44.1","24","  22.8","24","9999.9"," 0","862.5","24"," 12.4","24"," 11.6","24"," 20.0","999.9","  55.9"," ","  28.9"," "," 0.00","F","999.9","000000"
"47690099999","2021-03-17","36.7333333","139.5","1294.0","NIKKO, JA","  36.1","24","   9.4","24","9999.9"," 0","867.1","24"," 12.4","24","  9.3","24"," 17.1","999.9","  44.1"," ","  27.1","*"," 0.00","F","999.9","000000"
"47690099999","2021-03-18","36.7333333","139.5","1294.0","NIKKO, JA","  38.5","19","  18.6","18","9999.9"," 0","871.0","19"," 12.4","19","  4.6","19"," 11.1","999.9","  50.7","*","  25.7"," "," 0.00","E","999.9","000000"
"47690099999","2021-03-19","36.7333333","139.5","1294.0","NIKKO, JA","  38.4","24","  31.0","24","9999.9"," 0","873.0","24","  9.9","24","  4.3","24","  8.0","999.9","  48.4"," ","  28.9"," "," 0.00","F","999.9","000000"
"47690099999","2021-03-20","36.7333333","139.5","1294.0","NIKKO, JA","  41.7","24","  40.3","24","9999.9"," 0","871.0","24","  5.3","24","  5.9","24","  9.9","999.9","  48.2","*","  30.7"," "," 0.20","F","999.9","010000"
"47690099999","2021-03-21","36.7333333","139.5","1294.0","NIKKO, JA","  46.8","24","  41.6","24","9999.9"," 0","858.8","24","  6.4","24"," 10.5","24"," 22.0","999.9","  53.1"," ","  35.6","*"," 3.11","F","999.9","010000"
"47690099999","2021-03-22","36.7333333","139.5","1294.0","NIKKO, JA","  31.4","24","  15.9","24","9999.9"," 0","864.5","24"," 12.4","24"," 11.2","24"," 25.1","999.9","  39.0"," ","  24.6","*"," 0.16","F","999.9","000000"
"47690099999","2021-03-23","36.7333333","139.5","1294.0","NIKKO, JA","  33.6","24","  18.9","24","9999.9"," 0","873.5","24"," 12.4","24","  6.7","24"," 14.0","999.9","  42.6"," ","  22.5"," "," 0.00","F","999.9","000000"
"47690099999","2021-03-24","36.7333333","139.5","1294.0","NIKKO, JA","  39.7","24","  33.0","24","9999.9"," 0","875.6","24"," 12.4","24","  5.1","24","  8.9","999.9","  50.9"," ","  26.2"," "," 0.00","F","999.9","000000"
"47690099999","2021-03-25","36.7333333","139.5","1294.0","NIKKO, JA","  41.4","24","  28.1","24","9999.9"," 0","869.7","24"," 11.0","24","  6.2","24"," 12.0","999.9","  51.4"," ","  30.6"," "," 0.00","F","999.9","010000"
"47690099999","2021-03-26","36.7333333","139.5","1294.0","NIKKO, JA","  35.4","24","  22.2","24","9999.9"," 0","871.0","24"," 12.1","24"," 10.7","24"," 21.0","999.9","  44.4"," ","  28.8","*"," 0.00","F","999.9","001000"
"47690099999","2021-03-27","36.7333333","139.5","1294.0","NIKKO, JA","  41.4","24","  29.7","24","9999.9"," 0","874.0","24"," 12.0","24","  5.1","24","  9.9","999.9","  49.1"," ","  27.5"," "," 0.00","F","999.9","010000"
"47690099999","2021-03-28","36.7333333","139.5","1294.0","NIKKO, JA","  44.3","24","  43.2","24","9999.9"," 0","865.5","24","  5.9","24","  7.4","24"," 15.0","999.9","  46.6"," ","  35.4"," "," 0.79","F","999.9","010000"
"47690099999","2021-03-29","36.7333333","139.5","1294.0","NIKKO, JA","  47.9","24","  45.2","24","9999.9"," 0","862.6","24"," 11.2","24","  3.9","24","  6.0","999.9","  58.8"," ","  39.2"," "," 1.34","F","999.9","000000"
"47690099999","2021-03-30","36.7333333","139.5","1294.0","NIKKO, JA","  45.4","24","  44.2","23","9999.9"," 0","865.3","24","  4.0","24","  3.6","24","  8.0","999.9","  50.5"," ","  38.7"," "," 0.02","F","999.9","110000"
"47690099999","2021-03-31","36.7333333","139.5","1294.0","NIKKO, JA","  42.6","24","  34.7","24","9999.9"," 0","869.3","24"," 10.9","24","  4.0","24","  6.0","999.9","  53.6"," ","  34.9","*"," 0.02","F","999.9","000000"
"47690099999","2021-04-01","36.7333333","139.5","1294.0","NIKKO, JA","  42.7","24","  39.5","24","9999.9"," 0","877.0","24","  6.2","24","  3.4","24","  6.0","999.9","  51.1"," ","  33.8"," "," 0.00","F","999.9","100000"
"47690099999","2021-04-02","36.7333333","139.5","1294.0","NIKKO, JA","  41.8","24","  39.8","24","9999.9"," 0","879.6","24","  6.2","24","  3.5","24","  8.0","999.9","  47.5"," ","  34.0"," "," 0.00","F","999.9","110000"
"47690099999","2021-04-03","36.7333333","139.5","1294.0","NIKKO, JA","  43.3","24","  39.6","24","9999.9"," 0","872.9","24"," 10.4","24","  5.7","24","  8.9","999.9","  47.8"," ","  36.9","*"," 0.00","F","999.9","010000"
"47690099999","2021-04-04","36.7333333","139.5","1294.0","NIKKO, JA","  49.2","24","  47.5","24","9999.9"," 0","865.3","24"," 10.1","24","  4.7","24","  8.9","999.9","  52.9"," ","  36.7"," "," 0.12","F","999.9","010000"
"47690099999","2021-04-05","36.7333333","139.5","1294.0","NIKKO, JA","  36.6","24","  31.9","24","9999.9"," 0","868.8","24","  9.9","24","  3.8","24","  8.0","999.9","  53.1"," ","  25.9","*"," 0.04","F","999.9","110000"
"47690099999","2021-04-06","36.7333333","139.5","1294.0","NIKKO, JA","  34.6","24","  31.4","24","9999.9"," 0","869.3","24","  8.0","24","  3.7","24","  7.0","999.9","  43.2"," ","  25.5"," "," 0.00","F","999.9","100000"
"47690099999","2021-04-07","36.7333333","139.5","1294.0","NIKKO, JA","  39.0","24","  22.3","24","9999.9"," 0","867.1","24"," 12.4","24","  4.9","24","  9.9","999.9","  52.0"," ","  28.9","*"," 0.00","F","999.9","000000"
"47690099999","2021-04-08","36.7333333","139.5","1294.0","NIKKO, JA","  38.4","24","  22.6","24","9999.9"," 0","866.7","24"," 11.1","24","  7.9","24"," 17.1","999.9","  51.3"," ","  28.8"," "," 0.00","H","999.9","110000"
"47690099999","2021-04-09","36.7333333","139.5","1294.0","NIKKO, JA","  29.7","24","   9.9","24","9999.9"," 0","873.2","24"," 12.4","24"," 10.9","24"," 21.0","999.9","  37.8"," ","  21.0","*"," 0.00","F","999.9","000000"
"47690099999","2021-04-10","36.7333333","139.5","1294.0","NIKKO, JA","  34.3","24","  23.7","24","9999.9"," 0","881.4","24"," 12.4","24","  5.2","24","  8.0","999.9","  41.9"," ","  20.3"," "," 0.00","F","999.9","000000"
"47690099999","2021-04-11","36.7333333","139.5","1294.0","NIKKO, JA","  38.9","24","  31.4","24","9999.9"," 0","884.0","24"," 12.4","24","  4.8","24","  9.9","999.9","  46.9"," ","  26.6"," "," 0.00","F","999.9","011000"
"47690099999","2021-04-12","36.7333333","139.5","1294.0","NIKKO, JA","  42.7","24","  33.3","24","9999.9"," 0","880.4","24"," 11.2","24","  5.5","24","  9.9","999.9","  51.8"," ","  33.3"," "," 0.00","F","999.9","010000"
"47690099999","2021-04-13","36.7333333","139.5","1294.0","NIKKO, JA","  44.1","24","  43.7","24","9999.9"," 0","868.2","24","  7.1","24","  5.6","24","  8.0","999.9","  51.8","*","  37.6"," "," 0.51","F","999.9","010000"
"47690099999","2021-04-14","36.7333333","139.5","1294.0","NIKKO, JA","  41.0","24","  35.9","24","9999.9"," 0","863.8","24"," 10.0","24","  5.7","24"," 19.0","999.9","  57.4"," ","  27.5","*"," 0.16","F","999.9","010000"
"47690099999","2021-04-15","36.7333333","139.5","1294.0","NIKKO, JA","  36.7","24","  30.1","24","9999.9"," 0","875.1","24"," 12.4","24","  5.7","24","  8.9","999.9","  45.0"," ","  26.4"," "," 0.00","F","999.9","000000"
"47690099999","2021-04-16","36.7333333","139.5","1294.0","NIKKO, JA","  40.4","24","  37.3","24","9999.9"," 0","877.8","24","  7.2","24","  4.5","24","  8.0","999.9","  42.1"," ","  32.0"," "," 0.00","E","999.9","010000"
"47690099999","2021-04-17","36.7333333","139.5","1294.0","NIKKO, JA","  43.8","24","  41.2","24","9999.9"," 0","863.8","24","  5.7","24","  6.8","24"," 15.0","999.9","  46.9","*","  39.0"," "," 2.91","F","999.9","010000"
"47690099999","2021-04-18","36.7333333","139.5","1294.0","NIKKO, JA","  37.4","24","  25.4","24","9999.9"," 0","855.2","24"," 10.1","24"," 14.9","24"," 27.0","999.9","  46.8"," ","  31.3","*"," 1.22","F","999.9","011000"
"47690099999","2021-04-19","36.7333333","139.5","1294.0","NIKKO, JA","  40.5","23","  23.9","23","9999.9"," 0","867.1","23"," 12.4","23"," 10.6","23"," 15.0","999.9","  51.3","*","  33.4"," "," 0.00","F","999.9","000000"
"47690099999","2021-04-20","36.7333333","139.5","1294.0","NIKKO, JA","  50.5","24","  19.3","24","9999.9"," 0","871.8","24"," 12.4","24","  8.8","24"," 17.1","999.9","  60.1"," ","  32.4"," "," 0.00","F","999.9","000000"
"47690099999","2021-04-21","36.7333333","139.5","1294.0","NIKKO, JA","  50.8","24","   9.2","24","9999.9"," 0","873.9","24"," 12.4","24"," 10.0","24"," 15.9","999.9","  58.3"," ","  42.3"," "," 0.00","F","999.9","000000"
"47690099999","2021-04-22","36.7333333","139.5","1294.0","NIKKO, JA","  45.7","24","  13.2","23","9999.9"," 0","873.6","24"," 12.4","24","  8.2","24"," 20.0","999.9","  57.4"," ","  30.4","*"," 0.00","F","999.9","000000"
"47690099999","2021-04-23","36.7333333","139.5","1294.0","NIKKO, JA","  43.2","23","  29.9","23","9999.9"," 0","875.2","23"," 12.4","23","  5.8","23","  9.9","999.9","  55.2"," ","  29.1"," "," 0.00","F","999.9","010000"
"47690099999","2021-04-24","36.7333333","139.5","1294.0","NIKKO, JA","  47.5","24","  35.4","24","9999.9"," 0","871.9","24"," 12.4","24","  5.4","24","  9.9","999.9","  58.5"," ","  32.0"," "," 0.00","F","999.9","000000"
"47690099999","2021-04-25","36.7333333","139.5","1294.0","NIKKO, JA","  40.0","24","  18.2","24","9999.9"," 0","867.1","24"," 12.4","24"," 12.7","24"," 21.0","999.9","  55.9"," ","  28.8","*"," 0.00","F","999.9","000000"
"47690099999","2021-04-26","36.7333333","139.5","1294.0","NIKKO, JA","  36.5","24","  14.6","24","9999.9"," 0","872.1","24"," 12.4","24","  7.4","24"," 13.0","999.9","  47.1"," ","  27.3","*"," 0.00","F","999.9","000000"
"47690099999","2021-04-27","36.7333333","139.5","1294.0","NIKKO, JA","  42.5","24","  31.2","24","9999.9"," 0","875.4","24"," 12.4","24","  5.5","24","  9.9","999.9","  51.8"," ","  26.4"," "," 0.00","F","999.9","000000"
"47690099999","2021-04-28","36.7333333","139.5","1294.0","NIKKO, JA","  49.4","24","  40.9","24","9999.9"," 0","872.3","24","  9.5","24","  3.8","24"," 11.1","999.9","  59.0"," ","  34.3"," "," 0.00","F","999.9","010000"
"47690099999","2021-04-29","36.7333333","139.5","1294.0","NIKKO, JA","  47.7","24","  43.6","24","9999.9"," 0","860.1","24","  7.3","24","  7.0","24"," 15.9","999.9","  50.4"," ","  43.9","*"," 1.57","F","999.9","010000"
"47690099999","2021-04-30","36.7333333","139.5","1294.0","NIKKO, JA","  47.4","24","  29.4","24","9999.9"," 0","861.1","24"," 12.4","24","  8.1","24"," 18.1","999.9","  59.9"," ","  36.3","*"," 0.28","F","999.9","010000"
"47690099999","2021-05-01","36.7333333","139.5","1294.0","NIKKO, JA","  46.5","24","  41.1","24","9999.9"," 0","858.9","24","  8.4","24","  4.4","24"," 15.9","999.9","  52.0"," ","  34.9"," "," 0.20","F","999.9","110000"
"47690099999","2021-05-02","36.7333333","139.5","1294.0","NIKKO, JA","  41.2","24","  27.6","24","9999.9"," 0","859.2","24"," 12.3","24"," 11.2","24"," 21.0","999.9","  51.8"," ","  36.1","*"," 0.12","F","999.9","010000"
"47690099999","2021-05-03","36.7333333","139.5","1294.0","NIKKO, JA","  41.8","24","  27.9","24","9999.9"," 0","868.2","24"," 11.9","24"," 13.2","24"," 24.1","999.9","  46.9"," ","  35.8"," "," 0.04","F","999.9","011000"
"47690099999","2021-05-04","36.7333333","139.5","1294.0","NIKKO, JA","  50.2","24","  31.0","24","9999.9"," 0","873.1","24"," 12.4","24","  5.7","24","  9.9","999.9","  62.4"," ","  34.9"," "," 0.00","F","999.9","000000"
"47690099999","2021-05-05","36.7333333","139.5","1294.0","NIKKO, JA","  50.0","24","  43.2","24","9999.9"," 0","870.9","24"," 10.9","24","  3.6","24","  9.9","999.9","  57.9"," ","  39.7"," "," 0.02","F","999.9","110000"
"47690099999","2021-05-06","36.7333333","139.5","1294.0","NIKKO, JA","  52.8","24","  46.7","24","9999.9"," 0","873.1","24"," 12.4","24","  5.0","24","  7.0","999.9","  62.8"," ","  45.7","*"," 0.00","F","999.9","000000"
"47690099999","2021-05-07","36.7333333","139.5","1294.0","NIKKO, JA","  50.6","24","  41.6","24","9999.9"," 0","865.9","24"," 12.4","24","  4.7","24","  9.9","999.9","  59.4"," ","  42.8","*"," 0.02","F","999.9","010000"
"47690099999","2021-05-08","36.7333333","139.5","1294.0","NIKKO, JA","  55.8","24","  45.1","24","9999.9"," 0","862.9","24"," 11.9","24","  4.8","24","  8.0","999.9","  64.6"," ","  41.5"," "," 0.00","F","999.9","010000"
"47690099999","2021-05-09","36.7333333","139.5","1294.0","NIKKO, JA","  50.2","24","  31.3","24","9999.9"," 0","861.8","24"," 12.4","24"," 10.7","24"," 21.0","999.9","  62.1"," ","  41.9","*"," 0.00","F","999.9","010000"
"47690099999","2021-05-10","36.7333333","139.5","1294.0","NIKKO, JA","  48.2","24","  28.5","24","9999.9"," 0","867.5","24"," 12.4","23","  8.6","24"," 18.1","999.9","  56.5"," ","  40.1","*"," 0.00","F","999.9","000000"
"47690099999","2021-05-11","36.7333333","139.5","1294.0","NIKKO, JA","  43.6","24","  30.4","24","9999.9"," 0","872.4","24"," 12.4","24","  5.4","24","  9.9","999.9","  55.9"," ","  33.6","*"," 0.00","F","999.9","000000"
"47690099999","2021-05-12","36.7333333","139.5","1294.0","NIKKO, JA","  48.2","22","  40.0","22","9999.9"," 0","875.1","22"," 12.2","22","  5.7","22","  8.9","999.9","  54.9"," ","  33.1"," "," 0.00","F","999.9","010000"
"47690099999","2021-05-13","36.7333333","139.5","1294.0","NIKKO, JA","  49.0","24","  48.1","24","9999.9"," 0","871.2","24","  7.0","24","  4.2","24","  8.0","999.9","  56.5","*","  43.5","*"," 0.00","F","999.9","110000"
"47690099999","2021-05-14","36.7333333","139.5","1294.0","NIKKO, JA","  56.7","24","  51.4","24","9999.9"," 0","872.6","24"," 10.8","24","  4.4","24","  7.0","999.9","  67.6"," ","  43.3"," "," 0.00","F","999.9","110000"
"47690099999","2021-05-15","36.7333333","139.5","1294.0","NIKKO, JA","  53.0","24","  50.7","24","9999.9"," 0","874.4","24","  8.3","24","  6.2","24","  9.9","999.9","  56.3"," ","  46.2"," "," 0.00","F","999.9","010000"
"47690099999","2021-05-16","36.7333333","139.5","1294.0","NIKKO, JA","  56.8","24","  53.7","24","9999.9"," 0","868.2","24"," 12.1","24","  6.1","24","  8.9","999.9","  61.9","*","  51.1"," "," 0.02","F","999.9","010000"
"47690099999","2021-05-17","36.7333333","139.5","1294.0","NIKKO, JA","  63.6","24","  60.2","24","9999.9"," 0","864.3","24","  6.4","24","  5.3","24"," 15.9","999.9","  71.8"," ","  53.2"," "," 0.04","F","999.9","110000"
"47690099999","2021-05-18","36.7333333","139.5","1294.0","NIKKO, JA","  56.3","15","  56.3","15","9999.9"," 0","868.7","15","  1.2","15","  2.8","15","  4.1","999.9","  61.5"," ","  52.9","*"," 0.35","F","999.9","110000"
"47690099999","2021-05-19","36.7333333","139.5","1294.0","NIKKO, JA","  53.4","23","  48.6","23","9999.9"," 0","869.9","23","  8.7","23","  4.9","23"," 11.1","999.9","  59.5"," ","  45.9","*"," 0.12","E","999.9","110000"
"47690099999","2021-05-20","36.7333333","139.5","1294.0","NIKKO, JA","  55.5","24","  51.3","24","9999.9"," 0","870.1","24","  7.8","24","  4.4","24","  8.9","999.9","  65.5"," ","  45.0"," "," 0.08","F","999.9","010000"
"47690099999","2021-05-21","36.7333333","139.5","1294.0","NIKKO, JA","  57.8","24","  57.2","24","9999.9"," 0","863.2","24","  7.6","24","  3.0","24","  7.0","999.9","  64.0"," ","  49.8"," "," 0.79","F","999.9","110000"
"47690099999","2021-05-22","36.7333333","139.5","1294.0","NIKKO, JA","  49.9","24","  49.8","24","9999.9"," 0","862.8","24","  4.7","24","  3.8","24","  7.0","999.9","  55.2"," ","  44.6","*"," 0.51","F","999.9","010000"
"47690099999","2021-05-23","36.7333333","139.5","1294.0","NIKKO, JA","  53.9","24","  44.3","24","9999.9"," 0","865.7","24"," 12.2","24","  7.1","24"," 15.9","999.9","  59.7","*","  43.5"," "," 0.16","F","999.9","010000"
"47690099999","2021-05-24","36.7333333","139.5","1294.0","NIKKO, JA","  58.1","24","  51.3","24","9999.9"," 0","863.9","24"," 11.6","24","  4.2","24","  9.9","999.9","  70.7"," ","  46.4"," "," 0.00","F","999.9","010000"
"47690099999","2021-05-25","36.7333333","139.5","1294.0","NIKKO, JA","  52.6","23","  44.1","23","9999.9"," 0","861.2","23"," 10.0","23"," 10.3","23"," 28.0","999.9","  62.8"," ","  44.6","*"," 0.00","F","999.9","110000"
"47690099999","2021-05-26","36.7333333","139.5","1294.0","NIKKO, JA","  52.9","24","  42.6","24","9999.9"," 0","867.7","24","  8.7","24","  4.6","24","  9.9","999.9","  62.2"," ","  44.4"," "," 0.08","F","999.9","110000"
"47690099999","2021-05-27","36.7333333","139.5","1294.0","NIKKO, JA","  51.5","24","  46.8","24","9999.9"," 0","860.6","24","  9.2","24","  7.6","24"," 19.0","999.9","  58.3","*","  47.7"," "," 1.18","F","999.9","010000"
"47690099999","2021-05-28","36.7333333","139.5","1294.0","NIKKO, JA","  56.7","24","  47.8","24","9999.9"," 0","862.0","24"," 11.7","24","  5.8","24"," 19.0","999.9","  66.4"," ","  48.9","*"," 0.00","H","999.9","010000"
"47690099999","2021-05-29","36.7333333","139.5","1294.0","NIKKO, JA","  55.1","23","  50.2","23","9999.9"," 0","862.7","23"," 10.0","23","  3.7","23"," 17.1","999.9","  65.5"," ","  46.4","*"," 0.00","F","999.9","010000"
"47690099999","2021-05-30","36.7333333","139.5","1294.0","NIKKO, JA","  51.3","24","  45.2","24","9999.9"," 0","867.0","24"," 12.4","24","  3.8","24","  8.9","999.9","  64.4"," ","  42.4","*"," 0.00","F","999.9","010000"
"47690099999","2021-05-31","36.7333333","139.5","1294.0","NIKKO, JA","  50.3","23","  47.8","23","9999.9"," 0","870.7","23","  9.1","22","  3.6","23","  8.0","999.9","  59.2"," ","  40.8"," "," 0.16","F","999.9","110000"
"47690099999","2021-06-01","36.7333333","139.5","1294.0","NIKKO, JA","  53.6","24","  50.5","24","9999.9"," 0","874.7","24"," 10.0","24","  3.8","24","  6.0","999.9","  59.2"," ","  40.6"," "," 0.00","F","999.9","010000"
"47690099999","2021-06-02","36.7333333","139.5","1294.0","NIKKO, JA","  55.1","24","  52.8","24","9999.9"," 0","875.4","24","  9.5","24","  3.5","24","  8.0","999.9","  61.7"," ","  49.1","*"," 0.00","F","999.9","010000"
"47690099999","2021-06-03","36.7333333","139.5","1294.0","NIKKO, JA","  56.2","24","  52.3","24","9999.9"," 0","870.2","24","  8.7","24","  4.1","24","  8.9","999.9","  61.9"," ","  49.1"," "," 0.00","F","999.9","010000"
"47690099999","2021-06-04","36.7333333","139.5","1294.0","NIKKO, JA","  55.8","24","  54.0","24","9999.9"," 0","860.1","24","  8.3","24","  5.4","24","  8.0","999.9","  61.7"," ","  47.8","*"," 3.50","F","999.9","010000"
"47690099999","2021-06-05","36.7333333","139.5","1294.0","NIKKO, JA","  57.7","24","  52.1","24","9999.9"," 0","865.0","24"," 11.4","24","  4.1","24","  8.9","999.9","  63.5"," ","  46.9"," "," 0.00","F","999.9","010000"
"47690099999","2021-06-06","36.7333333","139.5","1294.0","NIKKO, JA","  56.9","23","  47.1","23","9999.9"," 0","870.6","23"," 12.4","23","  4.9","23","  8.0","999.9","  64.6"," ","  52.7","*"," 0.00","F","999.9","010000"
"47690099999","2021-06-07","36.7333333","139.5","1294.0","NIKKO, JA","  59.6","24","  52.4","24","9999.9"," 0","873.7","24"," 12.3","24","  5.0","24","  8.0","999.9","  70.3"," ","  51.3","*"," 0.00","F","999.9","010000"
"47690099999","2021-06-08","36.7333333","139.5","1294.0","NIKKO, JA","  58.4","24","  48.8","24","9999.9"," 0","873.2","24"," 12.3","24","  4.5","24","  8.9","999.9","  69.3"," ","  50.2","*"," 0.00","F","999.9","010000"
"47690099999","2021-06-09","36.7333333","139.5","1294.0","NIKKO, JA","  59.1","24","  49.1","24","9999.9"," 0","876.3","24"," 11.8","24","  5.0","24","  8.9","999.9","  70.7"," ","  49.3"," "," 0.00","F","999.9","000000"
"47690099999","2021-06-10","36.7333333","139.5","1294.0","NIKKO, JA","  59.3","24","  49.8","24","9999.9"," 0","877.9","24"," 12.4","24","  6.1","24","  8.9","999.9","  72.1"," ","  47.3","*"," 0.00","F","999.9","000000"
"47690099999","2021-06-11","36.7333333","139.5","1294.0","NIKKO, JA","  59.0","24","  53.0","24","9999.9"," 0","876.9","24"," 11.8","24","  4.8","24","  8.0","999.9","  69.4"," ","  46.9"," "," 0.00","F","999.9","000000"
"47690099999","2021-06-12","36.7333333","139.5","1294.0","NIKKO, JA","  59.5","24","  55.8","24","9999.9"," 0","873.8","24"," 10.7","24","  3.9","24","  7.0","999.9","  67.1"," ","  50.2"," "," 0.00","F","999.9","010000"
"47690099999","2021-06-13","36.7333333","139.5","1294.0","NIKKO, JA","  60.8","23","  59.7","23","9999.9"," 0","869.2","23","  5.7","23","  2.7","23","  5.1","999.9","  65.8"," ","  54.3"," "," 0.00","F","999.9","010000"
"47690099999","2021-06-14","36.7333333","139.5","1294.0","NIKKO, JA","  54.9","24","  53.9","24","9999.9"," 0","866.8","24"," 10.4","24","  5.2","24","  8.0","999.9","  63.9"," ","  48.9","*"," 0.63","F","999.9","010000"
"47690099999","2021-06-15","36.7333333","139.5","1294.0","NIKKO, JA","  55.7","23","  53.8","23","9999.9"," 0","866.8","23"," 11.2","23","  5.3","23","  8.9","999.9","  65.3"," ","  48.6"," "," 0.31","F","999.9","010000"
"47690099999","2021-06-16","36.7333333","139.5","1294.0","NIKKO, JA","  54.1","24","  53.3","24","9999.9"," 0","866.8","24","  9.1","24","  3.4","24","  6.0","999.9","  60.6"," ","  49.1","*"," 0.35","F","999.9","010000"
"47690099999","2021-06-17","36.7333333","139.5","1294.0","NIKKO, JA","  54.6","24","  53.9","24","9999.9"," 0","865.3","24","  8.6","24","  3.7","24","  7.0","999.9","  59.4"," ","  48.4"," "," 0.87","F","999.9","110000"
"47690099999","2021-06-18","36.7333333","139.5","1294.0","NIKKO, JA","  57.4","24","  55.4","24","9999.9"," 0","864.0","24","  7.8","24","  2.9","24","  5.1","999.9","  64.0"," ","  50.0"," "," 0.02","F","999.9","010000"
"47690099999","2021-06-19","36.7333333","139.5","1294.0","NIKKO, JA","  56.2","24","  56.0","24","9999.9"," 0","860.7","24","  5.9","24","  2.8","24","  6.0","999.9","  59.7","*","  53.2"," "," 0.98","F","999.9","010000"
"47690099999","2021-06-20","36.7333333","139.5","1294.0","NIKKO, JA","  56.5","24","  47.1","24","9999.9"," 0","861.6","24"," 12.3","24","  6.1","24"," 11.1","999.9","  70.5"," ","  46.6","*"," 0.04","F","999.9","010000"
"47690099999","2021-06-21","36.7333333","139.5","1294.0","NIKKO, JA","  57.8","24","  54.7","24","9999.9"," 0","866.1","24"," 11.2","24","  4.3","24","  8.0","999.9","  64.0"," ","  45.0"," "," 0.00","F","999.9","010000"
"47690099999","2021-06-22","36.7333333","139.5","1294.0","NIKKO, JA","  56.0","14","  55.1","14","9999.9"," 0","869.1","14","  6.6","14","  2.1","14","  4.1","999.9","  61.2","*","  52.5"," "," 0.00","H","999.9","110000"
"47690099999","2021-06-23","36.7333333","139.5","1294.0","NIKKO, JA","  55.2","24","  53.4","24","9999.9"," 0","870.2","24","  8.8","24","  2.9","24","  6.0","999.9","  60.4"," ","  52.5","*"," 0.79","F","999.9","010000"
"47690099999","2021-06-24","36.7333333","139.5","1294.0","NIKKO, JA","  57.2","24","  55.7","24","9999.9"," 0","871.6","24","  9.6","24","  3.7","24","  8.0","999.9","  63.1"," ","  52.2"," "," 0.35","F","999.9","110000"
"47690099999","2021-06-25","36.7333333","139.5","1294.0","NIKKO, JA","  58.0","24","  56.6","24","9999.9"," 0","872.3","24","  9.2","24","  4.3","24","  8.0","999.9","  66.2"," ","  52.5"," "," 0.75","F","999.9","010000"
"47690099999","2021-06-26","36.7333333","139.5","1294.0","NIKKO, JA","  60.1","24","  57.9","24","9999.9"," 0","872.5","24","  9.3","24","  3.7","24","  6.0","999.9","  66.7"," ","  53.8"," "," 0.28","F","999.9","010000"
"47690099999","2021-06-27","36.7333333","139.5","1294.0","NIKKO, JA","  58.2","24","  56.3","24","9999.9"," 0","867.9","24"," 10.5","24","  4.2","24","  6.0","999.9","  64.0"," ","  52.0","*"," 0.00","F","999.9","010000"
"47690099999","2021-06-28","36.7333333","139.5","1294.0","NIKKO, JA","  59.6","24","  57.9","24","9999.9"," 0","866.0","24","  6.2","24","  3.8","24","  6.0","999.9","  66.6"," ","  52.0"," "," 0.12","F","999.9","010000"
"47690099999","2021-06-29","36.7333333","139.5","1294.0","NIKKO, JA","  58.3","24","  57.5","24","9999.9"," 0","866.2","24","  5.9","24","  2.5","24","  7.0","999.9","  65.5"," ","  54.0","*"," 1.34","F","999.9","110000"
"47690099999","2021-06-30","36.7333333","139.5","1294.0","NIKKO, JA","  57.0","24","  57.0","24","9999.9"," 0","872.6","24","  1.4","24","  2.4","24","  5.1","999.9","  59.9"," ","  53.6"," "," 0.53","F","999.9","110000"
"47690099999","2021-07-01","36.7333333","139.5","1294.0","NIKKO, JA","  58.2","24","  58.1","24","9999.9"," 0","871.7","24","  8.4","24","  3.1","24","  8.0","999.9","  60.1"," ","  56.5"," "," 1.06","F","999.9","110000"
"47690099999","2021-07-02","36.7333333","139.5","1294.0","NIKKO, JA","  61.2","24","  61.1","24","9999.9"," 0","870.2","24","  6.0","24","  3.1","24","  7.0","999.9","  63.9"," ","  56.5"," "," 0.08","F","999.9","110000"
"47690099999","2021-07-03","36.7333333","139.5","1294.0","NIKKO, JA","  64.0","24","  62.8","24","9999.9"," 0","871.5","24","  7.3","24","  2.9","24","  6.0","999.9","  73.4"," ","  58.8","*"," 0.28","F","999.9","110000"
"47690099999","2021-07-04","36.7333333","139.5","1294.0","NIKKO, JA","  61.8","24","  61.5","24","9999.9"," 0","872.5","24","  7.0","24","  4.2","24","  8.0","999.9","  64.6","*","  58.6"," "," 0.10","F","999.9","010000"
"47690099999","2021-07-05","36.7333333","139.5","1294.0","NIKKO, JA","  63.1","24","  62.7","24","9999.9"," 0","870.3","24"," 10.2","24","  2.0","24","  2.9","999.9","  67.6"," ","  57.6","*"," 1.06","F","999.9","110000"
"47690099999","2021-07-06","36.7333333","139.5","1294.0","NIKKO, JA","  63.3","23","  62.1","23","9999.9"," 0","870.0","23","  8.7","23","  1.9","23","  4.1","999.9","  66.9"," ","  57.2"," "," 0.06","F","999.9","010000"
"47690099999","2021-07-07","36.7333333","139.5","1294.0","NIKKO, JA","  65.4","24","  63.1","24","9999.9"," 0","868.7","24","  9.9","24","  3.0","24","  7.0","999.9","  73.8"," ","  60.8","*"," 0.24","F","999.9","010000"
"47690099999","2021-07-08","36.7333333","139.5","1294.0","NIKKO, JA","  62.5","24","  62.5","24","9999.9"," 0","869.1","24","  1.4","24","  2.1","24","  5.1","999.9","  64.2"," ","  60.8"," "," 1.18","F","999.9","110000"
"47690099999","2021-07-09","36.7333333","139.5","1294.0","NIKKO, JA","  64.0","24","  63.8","24","9999.9"," 0","869.0","24","  5.4","24","  2.2","24","  5.1","999.9","  68.7","*","  60.8"," "," 0.75","F","999.9","110000"
"47690099999","2021-07-10","36.7333333","139.5","1294.0","NIKKO, JA","  66.2","24","  64.9","24","9999.9"," 0","871.2","24"," 10.7","24","  3.8","24","  6.0","999.9","  73.8"," ","  61.0","*"," 0.31","F","999.9","010000"
"47690099999","2021-07-11","36.7333333","139.5","1294.0","NIKKO, JA","  61.9","24","  60.7","24","9999.9"," 0","871.9","24"," 10.0","24","  4.1","24","  8.0","999.9","  71.8"," ","  56.3","*"," 0.59","F","999.9","010000"
"47690099999","2021-07-12","36.7333333","139.5","1294.0","NIKKO, JA","  63.4","24","  61.7","24","9999.9"," 0","872.5","24"," 10.7","24","  4.4","24","  7.0","999.9","  73.0"," ","  56.1"," "," 0.08","E","999.9","110000"
"47690099999","2021-07-13","36.7333333","139.5","1294.0","NIKKO, JA","  61.6","24","  61.0","24","9999.9"," 0","874.2","24","  9.5","24","  3.7","24","  6.0","999.9","  66.9"," ","  57.7","*"," 0.47","F","999.9","010000"
"47690099999","2021-07-14","36.7333333","139.5","1294.0","NIKKO, JA","  62.6","24","  61.9","24","9999.9"," 0","876.9","24","  7.0","24","  3.1","24","  6.0","999.9","  68.5"," ","  57.2"," "," 0.47","F","999.9","110000"
"47690099999","2021-07-15","36.7333333","139.5","1294.0","NIKKO, JA","  63.7","24","  62.8","24","9999.9"," 0","879.6","24"," 10.2","24","  4.0","24","  8.0","999.9","  67.5"," ","  59.2"," "," 0.16","F","999.9","010000"
"47690099999","2021-07-16","36.7333333","139.5","1294.0","NIKKO, JA","  65.9","24","  61.6","24","9999.9"," 0","879.5","24"," 11.9","24","  5.4","24","  9.9","999.9","  77.2"," ","  56.7","*"," 0.00","F","999.9","000000"
"47690099999","2021-07-17","36.7333333","139.5","1294.0","NIKKO, JA","  66.3","24","  60.2","24","9999.9"," 0","877.5","24"," 12.4","24","  5.9","24","  9.9","999.9","  77.9"," ","  55.8"," "," 0.00","F","999.9","000000"
"47690099999","2021-07-18","36.7333333","139.5","1294.0","NIKKO, JA","  68.1","24","  63.5","24","9999.9"," 0","876.8","24"," 12.4","24","  6.5","24","  8.9","999.9","  79.0"," ","  55.6"," "," 0.00","F","999.9","010000"
"47690099999","2021-07-19","36.7333333","139.5","1294.0","NIKKO, JA","  68.7","24","  62.9","24","9999.9"," 0","877.4","24"," 12.3","24","  5.8","24","  8.9","999.9","  80.6"," ","  59.0"," "," 0.00","F","999.9","000000"
"47690099999","2021-07-20","36.7333333","139.5","1294.0","NIKKO, JA","  69.7","24","  65.8","24","9999.9"," 0","876.6","24","  9.2","24","  4.9","24","  7.0","999.9","  79.7"," ","  60.3"," "," 0.12","F","999.9","010000"
"47690099999","2021-07-21","36.7333333","139.5","1294.0","NIKKO, JA","  66.3","24","  63.4","24","9999.9"," 0","875.5","24"," 11.6","24","  6.7","24","  8.9","999.9","  78.3"," ","  60.8","*"," 0.79","F","999.9","010000"
"47690099999","2021-07-22","36.7333333","139.5","1294.0","NIKKO, JA","  66.4","24","  63.9","24","9999.9"," 0","873.5","24"," 11.9","24","  5.1","24"," 11.1","999.9","  73.9"," ","  60.3"," "," 0.02","F","999.9","010000"
"47690099999","2021-07-23","36.7333333","139.5","1294.0","NIKKO, JA","  66.2","24","  64.1","24","9999.9"," 0","872.7","24","  9.3","24","  4.3","24","  7.0","999.9","  73.2"," ","  59.5"," "," 0.35","F","999.9","110000"
"47690099999","2021-07-24","36.7333333","139.5","1294.0","NIKKO, JA","  66.0","24","  64.3","24","9999.9"," 0","872.7","24","  7.6","24","  3.6","24","  5.1","999.9","  75.0"," ","  59.5","*"," 1.14","F","999.9","110000"
"47690099999","2021-07-25","36.7333333","139.5","1294.0","NIKKO, JA","  66.1","24","  63.7","24","9999.9"," 0","870.8","24"," 10.6","24","  3.5","24","  7.0","999.9","  74.1"," ","  59.4"," "," 0.02","F","999.9","110000"
"47690099999","2021-07-26","36.7333333","139.5","1294.0","NIKKO, JA","  67.7","24","  60.1","24","9999.9"," 0","864.1","24"," 11.6","24","  4.3","24","  7.0","999.9","  72.7"," ","  59.0"," "," 0.00","F","999.9","010000"
"47690099999","2021-07-27","36.7333333","139.5","1294.0","NIKKO, JA","  66.3","24","  62.1","24","9999.9"," 0","861.1","24"," 12.4","24","  3.9","24","  8.0","999.9","  75.7"," ","  59.7","*"," 0.35","F","999.9","010000"
"47690099999","2021-07-28","36.7333333","139.5","1294.0","NIKKO, JA","  65.1","24","  64.0","24","9999.9"," 0","864.0","24"," 10.7","24","  4.1","24","  8.9","999.9","  70.9"," ","  59.2"," "," 0.35","F","999.9","010000"
"47690099999","2021-07-29","36.7333333","139.5","1294.0","NIKKO, JA","  64.8","24","  64.2","24","9999.9"," 0","865.0","24","  9.7","24","  3.4","24","  6.0","999.9","  72.0"," ","  60.8"," "," 1.46","F","999.9","010000"
"47690099999","2021-07-30","36.7333333","139.5","1294.0","NIKKO, JA","  65.4","24","  64.4","24","9999.9"," 0","865.2","24","  8.9","24","  2.8","24","  6.0","999.9","  71.1"," ","  61.5"," "," 0.51","F","999.9","010000"
"47690099999","2021-07-31","36.7333333","139.5","1294.0","NIKKO, JA","  65.7","24","  63.2","24","9999.9"," 0","864.9","24"," 11.4","24","  4.8","24","  8.0","999.9","  74.5"," ","  59.5","*"," 0.12","F","999.9","000000"
"47690099999","2021-08-01","36.7333333","139.5","1294.0","NIKKO, JA","  68.3","23","  64.6","23","9999.9"," 0","867.6","23"," 10.8","23","  4.3","23","  8.0","999.9","  77.2"," ","  59.2"," "," 0.02","F","999.9","010000"
"47690099999","2021-08-02","36.7333333","139.5","1294.0","NIKKO, JA","  69.4","23","  65.8","23","9999.9"," 0","872.4","23","  9.7","23","  3.2","23","  6.0","999.9","  78.3"," ","  61.0"," "," 0.00","F","999.9","010000"
"47690099999","2021-08-03","36.7333333","139.5","1294.0","NIKKO, JA","  69.2","23","  65.8","23","9999.9"," 0","874.6","23"," 12.4","23","  5.1","23","  8.0","999.9","  77.4"," ","  63.5","*"," 0.24","F","999.9","010000"
"47690099999","2021-08-04","36.7333333","139.5","1294.0","NIKKO, JA","  71.6","23","  68.4","23","9999.9"," 0","872.5","23"," 10.8","23","  4.8","23","  8.0","999.9","  80.1"," ","  62.8","*"," 0.00","F","999.9","110000"
"47690099999","2021-08-05","36.7333333","139.5","1294.0","NIKKO, JA","  69.1","24","  64.9","24","9999.9"," 0","870.2","24"," 12.1","24","  5.6","24","  8.9","999.9","  79.9"," ","  59.9","*"," 0.00","F","999.9","000000"
"47690099999","2021-08-06","36.7333333","139.5","1294.0","NIKKO, JA","  69.6","23","  64.4","23","9999.9"," 0","869.7","23"," 11.4","23","  3.2","23","  6.0","999.9","  80.8"," ","  59.5"," "," 0.00","F","999.9","010000"
"47690099999","2021-08-07","36.7333333","139.5","1294.0","NIKKO, JA","  67.2","24","  66.6","24","9999.9"," 0","867.8","24","  7.9","24","  3.4","24","  7.0","999.9","  73.2"," ","  63.0"," "," 0.14","F","999.9","110000"
"47690099999","2021-08-08","36.7333333","139.5","1294.0","NIKKO, JA","  68.6","24","  66.8","24","9999.9"," 0","865.1","24"," 12.2","24","  4.1","24","  8.0","999.9","  75.7"," ","  63.9"," "," 0.93","F","999.9","010000"
"47690099999","2021-08-09","36.7333333","139.5","1294.0","NIKKO, JA","  68.8","24","  66.6","24","9999.9"," 0","858.4","24","  7.2","24","  7.0","24"," 13.0","999.9","  70.9","*","  64.0"," "," 1.97","E","999.9","010000"
"47690099999","2021-08-10","36.7333333","139.5","1294.0","NIKKO, JA","  68.3","24","  58.9","24","9999.9"," 0","866.2","24"," 12.4","24"," 11.9","24"," 22.0","999.9","  74.1"," ","  59.7","*"," 0.02","F","999.9","010000"
"47690099999","2021-08-11","36.7333333","139.5","1294.0","NIKKO, JA","  65.4","24","  63.3","24","9999.9"," 0","873.5","24","  9.2","24","  2.7","24","  5.1","999.9","  71.8"," ","  58.6"," "," 0.00","F","999.9","010000"
"47690099999","2021-08-12","36.7333333","139.5","1294.0","NIKKO, JA","  62.5","24","  62.3","24","9999.9"," 0","871.6","24","  3.8","24","  3.0","24","  8.0","999.9","  69.1"," ","  58.1","*"," 1.81","F","999.9","110000"
"47690099999","2021-08-13","36.7333333","139.5","1294.0","NIKKO, JA","  60.0","24","  59.7","24","9999.9"," 0","869.1","24","  5.1","24","  3.3","24","  7.0","999.9","  63.7","*","  57.7"," "," 2.09","F","999.9","010000"
"47690099999","2021-08-14","36.7333333","139.5","1294.0","NIKKO, JA","  59.4","24","  59.4","24","9999.9"," 0","867.6","24","  1.4","24","  2.8","24","  7.0","999.9","  62.8"," ","  57.4","*"," 3.78","F","999.9","010000"
"47690099999","2021-08-15","36.7333333","139.5","1294.0","NIKKO, JA","  58.3","24","  58.2","22","9999.9"," 0","873.1","24","  0.4","24","  2.5","24","  4.1","999.9","  61.5"," ","  56.5","*"," 2.28","F","999.9","110000"
"47690099999","2021-08-16","36.7333333","139.5","1294.0","NIKKO, JA","  59.4","24","9999.9"," 0","9999.9"," 0","875.7","24","  3.7","24","  2.0","24","  4.1","999.9","  60.6"," ","  56.5"," "," 0.28","F","999.9","010000"
"47690099999","2021-08-17","36.7333333","139.5","1294.0","NIKKO, JA","  63.4","24","9999.9"," 0","9999.9"," 0","873.2","24","  4.5","24","  4.1","24","  8.0","999.9","  65.7","*","  58.6"," "," 0.75","F","999.9","010000"
"47690099999","2021-08-18","36.7333333","139.5","1294.0","NIKKO, JA","  67.1","24","  62.6","24","9999.9"," 0","873.5","24"," 12.4","24","  6.7","24","  9.9","999.9","  74.1"," ","  63.7"," "," 0.73","F","999.9","010000"
"47690099999","2021-08-19","36.7333333","139.5","1294.0","NIKKO, JA","  67.9","24","  62.5","24","9999.9"," 0","877.1","24"," 12.4","24","  5.9","24","  8.0","999.9","  79.7"," ","  59.5","*"," 0.00","F","999.9","010000"
"47690099999","2021-08-20","36.7333333","139.5","1294.0","NIKKO, JA","  66.6","24","  64.7","24","9999.9"," 0","877.7","24"," 12.4","24","  4.2","24","  7.0","999.9","  76.1"," ","  59.0"," "," 0.00","F","999.9","010000"
"47690099999","2021-08-21","36.7333333","139.5","1294.0","NIKKO, JA","  65.6","22","  64.9","22","9999.9"," 0","875.3","22","  9.6","22","  5.0","22","  8.0","999.9","  73.4"," ","  60.4"," "," 2.68","F","999.9","010000"
"47690099999","2021-08-22","36.7333333","139.5","1294.0","NIKKO, JA","  67.5","24","  66.4","24","9999.9"," 0","872.6","24","  9.4","24","  3.9","24","  8.9","999.9","  77.0"," ","  62.1"," "," 0.55","F","999.9","110000"
"47690099999","2021-08-23","36.7333333","139.5","1294.0","NIKKO, JA","  65.6","24","  63.5","24","9999.9"," 0","872.1","24"," 12.4","24","  3.7","24","  7.0","999.9","  76.3"," ","  59.9","*"," 0.08","F","999.9","010000"
"47690099999","2021-08-24","36.7333333","139.5","1294.0","NIKKO, JA","  67.1","23","  64.7","23","9999.9"," 0","870.9","23","  8.7","23","  4.4","23","  8.9","999.9","  70.7"," ","  59.4"," "," 0.16","F","999.9","010000"
"47690099999","2021-08-25","36.7333333","139.5","1294.0","NIKKO, JA","  69.8","23","  68.1","23","9999.9"," 0","872.6","23"," 11.1","23","  4.4","23"," 12.0","999.9","  77.7"," ","  63.9"," "," 0.24","F","999.9","010000"
"47690099999","2021-08-26","36.7333333","139.5","1294.0","NIKKO, JA","  70.8","24","  69.1","24","9999.9"," 0","874.1","24","  8.2","24","  2.7","24","  5.1","999.9","  77.4"," ","  65.1"," "," 0.02","F","999.9","110000"
"47690099999","2021-08-27","36.7333333","139.5","1294.0","NIKKO, JA","  69.8","24","  67.9","24","9999.9"," 0","873.8","24","  7.2","24","  3.3","24","  6.0","999.9","  77.2"," ","  65.3","*"," 0.08","F","999.9","110000"
"47690099999","2021-08-28","36.7333333","139.5","1294.0","NIKKO, JA","  68.9","24","  67.5","24","9999.9"," 0","872.8","24"," 10.0","24","  3.4","24","  6.0","999.9","  77.2"," ","  62.2","*"," 0.02","F","999.9","010000"
"47690099999","2021-08-29","36.7333333","139.5","1294.0","NIKKO, JA","  66.9","24","  65.5","17","9999.9"," 0","874.0","24","  5.7","24","  3.0","24","  8.0","999.9","  72.9","*","  61.9"," "," 0.00","F","999.9","110000"
"47690099999","2021-08-30","36.7333333","139.5","1294.0","NIKKO, JA","  68.2","23","  66.5","22","9999.9"," 0","873.9","23","  8.1","22","  3.9","23"," 11.1","999.9","  76.3"," ","  61.9","*"," 0.04","F","999.9","110000"
"47690099999","2021-08-31","36.7333333","139.5","1294.0","NIKKO, JA","  63.9","24","  61.2","24","9999.9"," 0","873.7","24","  6.5","24","  3.0","24","  8.0","999.9","  72.7"," ","  57.9","*"," 0.02","F","999.9","110000"
"47690099999","2021-09-01","36.7333333","139.5","1294.0","NIKKO, JA","  57.2","24","  56.1"," 8","9999.9"," 0","869.9","24","  3.3","24","  3.2","24","  7.0","999.9","  60.6","*","  54.1","*"," 0.67","F","999.9","010000"
"47690099999","2021-09-02","36.7333333","139.5","1294.0","NIKKO, JA","  56.8","24","9999.9"," 0","9999.9"," 0","868.7","24","  0.2","24","  3.1","24","  4.1","999.9","  61.7"," ","  55.4","*"," 0.81","F","999.9","010000"
"47690099999","2021-09-03","36.7333333","139.5","1294.0","NIKKO, JA","  57.1","24","9999.9"," 0","9999.9"," 0","871.1","24","  1.2","24","  3.4","24","  6.0","999.9","  59.2","*","  55.2"," "," 0.59","F","999.9","010000"
"47690099999","2021-09-04","36.7333333","139.5","1294.0","NIKKO, JA","  55.9","24","9999.9"," 0","9999.9"," 0","873.8","24","  2.7","24","  3.4","24","  7.0","999.9","  58.5"," ","  54.5","*"," 1.69","F","999.9","010000"
"47690099999","2021-09-05","36.7333333","139.5","1294.0","NIKKO, JA","  55.0","24","9999.9"," 0","9999.9"," 0","875.4","24","  1.1","24","  3.8","24","  6.0","999.9","  58.3"," ","  52.5","*"," 0.30","F","999.9","010000"
"47690099999","2021-09-06","36.7333333","139.5","1294.0","NIKKO, JA","  51.7","24","9999.9"," 0","9999.9"," 0","874.2","24","  5.3","24","  3.0","24","  7.0","999.9","  55.2"," ","  48.9","*"," 0.94","F","999.9","010000"
"47690099999","2021-09-07","36.7333333","139.5","1294.0","NIKKO, JA","  50.5","23","9999.9"," 0","9999.9"," 0","874.1","23","  3.4","23","  3.5","23","  7.0","999.9","  55.6"," ","  47.5","*"," 0.02","F","999.9","010000"
"47690099999","2021-09-08","36.7333333","139.5","1294.0","NIKKO, JA","  56.1","24","  55.9","21","9999.9"," 0","872.2","24","  8.7","24","  5.1","24","  8.9","999.9","  61.3","*","  47.5"," "," 0.37","F","999.9","110000"
"47690099999","2021-09-09","36.7333333","139.5","1294.0","NIKKO, JA","  61.2","24","  59.7","24","9999.9"," 0","872.7","24"," 12.4","24","  4.1","24","  8.0","999.9","  71.6"," ","  55.8","*"," 0.43","F","999.9","010000"
"47690099999","2021-09-10","36.7333333","139.5","1294.0","NIKKO, JA","  63.4","24","  62.2","24","9999.9"," 0","873.2","24","  8.5","24","  3.4","24","  5.1","999.9","  69.1"," ","  54.7"," "," 0.00","F","999.9","010000"
"47690099999","2021-09-11","36.7333333","139.5","1294.0","NIKKO, JA","  60.1","23","  59.5","16","9999.9"," 0","872.0","23","  6.6","23","  2.9","23","  6.0","999.9","  64.8"," ","  54.9","*"," 0.04","F","999.9","110000"
"47690099999","2021-09-12","36.7333333","139.5","1294.0","NIKKO, JA","  59.7","24","  54.3","24","9999.9"," 0","872.5","24"," 12.4","24","  3.8","24","  6.0","999.9","  64.9"," ","  54.7","*"," 0.00","F","999.9","000000"
"47690099999","2021-09-13","36.7333333","139.5","1294.0","NIKKO, JA","  59.8","24","  56.2","24","9999.9"," 0","876.5","24"," 11.4","24","  4.7","24","  8.9","999.9","  68.9"," ","  53.8"," "," 0.00","F","999.9","010000"
"47690099999","2021-09-14","36.7333333","139.5","1294.0","NIKKO, JA","  57.0","24","  54.9","24","9999.9"," 0","874.9","24"," 10.8","24","  4.3","24","  8.9","999.9","  66.9"," ","  51.3","*"," 0.00","F","999.9","110000"
"47690099999","2021-09-15","36.7333333","139.5","1294.0","NIKKO, JA","  57.6","24","  56.1","24","9999.9"," 0","873.6","24","  6.9","24","  3.8","24","  6.0","999.9","  64.6"," ","  50.5"," "," 0.00","F","999.9","110000"
"47690099999","2021-09-16","36.7333333","139.5","1294.0","NIKKO, JA","  53.8","24","  53.5","24","9999.9"," 0","875.1","24","  8.0","24","  4.7","24","  8.9","999.9","  59.2"," ","  50.0","*"," 0.10","F","999.9","110000"
"47690099999","2021-09-17","36.7333333","139.5","1294.0","NIKKO, JA","  58.5","24","  57.5","24","9999.9"," 0","872.4","24","  4.8","24","  3.9","24","  9.9","999.9","  61.7"," ","  49.8"," "," 0.24","F","999.9","010000"
"47690099999","2021-09-18","36.7333333","139.5","1294.0","NIKKO, JA","  61.7","24","  60.7","19","9999.9"," 0","869.0","24","  8.1","24","  3.1","24","  6.0","999.9","  67.1"," ","  53.1","*"," 2.91","F","999.9","110000"
"47690099999","2021-09-19","36.7333333","139.5","1294.0","NIKKO, JA","  58.2","24","  53.7","24","9999.9"," 0","874.1","24"," 12.4","24","  4.5","24","  7.0","999.9","  69.3"," ","  51.1","*"," 0.00","F","999.9","010000"
"47690099999","2021-09-20","36.7333333","139.5","1294.0","NIKKO, JA","  56.0","24","  49.0","24","9999.9"," 0","876.1","24"," 12.4","24","  5.7","24","  9.9","999.9","  67.3"," ","  47.3","*"," 0.00","F","999.9","000000"
"47690099999","2021-09-21","36.7333333","139.5","1294.0","NIKKO, JA","  60.3","24","  55.6","24","9999.9"," 0","873.3","24"," 12.4","24","  5.9","24","  9.9","999.9","  67.1"," ","  46.4"," "," 0.00","F","999.9","000000"
"47690099999","2021-09-22","36.7333333","139.5","1294.0","NIKKO, JA","  65.8","24","  61.6","24","9999.9"," 0","870.8","24"," 10.6","24","  3.5","24","  8.0","999.9","  75.7"," ","  55.6"," "," 0.00","F","999.9","010000"
"47690099999","2021-09-23","36.7333333","139.5","1294.0","NIKKO, JA","  62.4","24","  54.9","24","9999.9"," 0","873.7","24"," 11.7","24","  3.7","24","  9.9","999.9","  73.8"," ","  54.1","*"," 0.20","F","999.9","000000"
"47690099999","2021-09-24","36.7333333","139.5","1294.0","NIKKO, JA","  58.4","24","  56.0","24","9999.9"," 0","878.6","24","  8.3","24","  3.0","24","  6.0","999.9","  66.2"," ","  52.2","*"," 0.00","F","999.9","110000"
"47690099999","2021-09-25","36.7333333","139.5","1294.0","NIKKO, JA","  52.5","24","  52.5","24","9999.9"," 0","881.0","24","  1.0","24","  2.9","24","  5.1","999.9","  56.8"," ","  50.5","*"," 0.35","F","999.9","110000"
"47690099999","2021-09-26","36.7333333","139.5","1294.0","NIKKO, JA","  50.0","24","  50.0","24","9999.9"," 0","877.4","24","  4.1","24","  2.4","24","  4.1","999.9","  52.5"," ","  48.4","*"," 0.20","F","999.9","110000"
"47690099999","2021-09-27","36.7333333","139.5","1294.0","NIKKO, JA","  51.2","24","  51.2","24","9999.9"," 0","875.5","24","  6.4","24","  2.1","24","  4.1","999.9","  55.9"," ","  48.2"," "," 0.02","F","999.9","110000"
"47690099999","2021-09-28","36.7333333","139.5","1294.0","NIKKO, JA","  53.5","24","  52.1","24","9999.9"," 0","874.7","24"," 10.5","24","  4.0","24","  8.9","999.9","  59.2"," ","  47.8"," "," 0.00","F","999.9","110000"
"47690099999","2021-09-29","36.7333333","139.5","1294.0","NIKKO, JA","  57.6","23","  55.7","23","9999.9"," 0","872.6","23"," 10.4","23","  5.6","23"," 12.0","999.9","  62.4"," ","  47.1"," "," 0.00","F","999.9","010000"
"47690099999","2021-09-30","36.7333333","139.5","1294.0","NIKKO, JA","  59.7","23","  56.7","23","9999.9"," 0","868.4","23","  8.9","23","  4.6","23","  8.9","999.9","  67.1"," ","  53.6","*"," 0.04","F","999.9","010000"
"47690099999","2021-10-01","36.7333333","139.5","1294.0","NIKKO, JA","  58.6","24","  52.9","24","9999.9"," 0","860.9","24","  9.8","24","  7.9","24"," 15.9","999.9","  65.8"," ","  52.7","*"," 1.57","F","999.9","010000"
"47690099999","2021-10-02","36.7333333","139.5","1294.0","NIKKO, JA","  55.8","24","  44.7","24","9999.9"," 0","872.7","24"," 12.4","24","  6.6","24"," 15.9","999.9","  67.5"," ","  45.7","*"," 0.00","F","999.9","000000"
"47690099999","2021-10-03","36.7333333","139.5","1294.0","NIKKO, JA","  54.9","24","  49.9","24","9999.9"," 0","882.5","24"," 12.4","24","  7.1","24"," 12.0","999.9","  63.3"," ","  45.0"," "," 0.00","F","999.9","000000"
"47690099999","2021-10-04","36.7333333","139.5","1294.0","NIKKO, JA","  56.6","23","  51.3","23","9999.9"," 0","881.7","23"," 12.4","23","  5.3","23","  8.0","999.9","  70.0"," ","  46.6"," "," 0.00","F","999.9","000000"
"47690099999","2021-10-05","36.7333333","139.5","1294.0","NIKKO, JA","  61.1","24","  50.8","24","9999.9"," 0","876.3","24"," 12.2","24","  4.1","24"," 11.1","999.9","  68.4"," ","  48.0"," "," 0.00","F","999.9","000000"
"47690099999","2021-10-06","36.7333333","139.5","1294.0","NIKKO, JA","  56.4","24","  53.6","24","9999.9"," 0","876.2","24","  8.7","24","  3.4","24","  6.0","999.9","  69.6"," ","  51.1","*"," 0.00","F","999.9","110000"
"47690099999","2021-10-07","36.7333333","139.5","1294.0","NIKKO, JA","  57.5","24","  54.6","24","9999.9"," 0","877.4","24"," 10.9","24","  5.6","24","  8.0","999.9","  64.2"," ","  50.7"," "," 0.10","F","999.9","010000"
"47690099999","2021-10-08","36.7333333","139.5","1294.0","NIKKO, JA","  59.2","24","  54.9","24","9999.9"," 0","880.6","24"," 12.4","24","  4.2","24","  8.0","999.9","  68.9"," ","  49.8"," "," 0.00","F","999.9","000000"
"47690099999","2021-10-09","36.7333333","139.5","1294.0","NIKKO, JA","  55.5","24","  55.3","24","9999.9"," 0","883.4","24","  4.0","24","  4.2","24","  8.0","999.9","  59.2"," ","  53.2"," "," 0.12","F","999.9","010000"
"47690099999","2021-10-10","36.7333333","139.5","1294.0","NIKKO, JA","  57.6","24","  56.2","24","9999.9"," 0","879.3","24","  8.8","24","  7.5","24"," 13.0","999.9","  63.7"," ","  51.8","*"," 0.16","F","999.9","010000"
"47690099999","2021-10-11","36.7333333","139.5","1294.0","NIKKO, JA","  61.7","24","  59.8","24","9999.9"," 0","877.6","24","  5.4","24","  2.8","24","  5.1","999.9","  68.5"," ","  51.4"," "," 0.00","F","999.9","110000"
"47690099999","2021-10-12","36.7333333","139.5","1294.0","NIKKO, JA","  53.4","24","  53.2","21","9999.9"," 0","880.5","24","  1.1","24","  2.5","24","  5.1","999.9","  57.0"," ","  50.7","*"," 0.24","F","999.9","110000"
"47690099999","2021-10-13","36.7333333","139.5","1294.0","NIKKO, JA","  50.7","24","  50.7","24","9999.9"," 0","877.5","24","  3.6","24","  2.2","24","  4.1","999.9","  55.4"," ","  46.8","*"," 0.39","F","999.9","110000"
"47690099999","2021-10-14","36.7333333","139.5","1294.0","NIKKO, JA","  50.4","24","  48.9","24","9999.9"," 0","873.7","24"," 12.0","24","  4.1","24","  7.0","999.9","  59.4"," ","  42.3","*"," 0.00","H","999.9","110000"
"47690099999","2021-10-15","36.7333333","139.5","1294.0","NIKKO, JA","  55.7","24","  54.1","24","9999.9"," 0","873.4","24","  5.6","24","  3.3","24","  7.0","999.9","  61.3"," ","  41.5"," "," 0.00","F","999.9","110000"
"47690099999","2021-10-16","36.7333333","139.5","1294.0","NIKKO, JA","  56.2","24","  54.6","24","9999.9"," 0","868.5","24","  6.0","24","  6.2","24"," 15.9","999.9","  60.3","*","  50.2","*"," 0.28","F","999.9","110000"
"47690099999","2021-10-17","36.7333333","139.5","1294.0","NIKKO, JA","  38.8","24","  33.4","24","9999.9"," 0","871.1","24"," 12.1","24","  5.6","24"," 17.1","999.9","  51.1"," ","  29.7","*"," 0.31","F","999.9","010000"
"47690099999","2021-10-18","36.7333333","139.5","1294.0","NIKKO, JA","  40.1","24","  37.7","24","9999.9"," 0","875.9","24","  9.9","24","  3.5","24","  7.0","999.9","  45.1"," ","  29.3"," "," 0.00","H","999.9","110000"
"47690099999","2021-10-19","36.7333333","139.5","1294.0","NIKKO, JA","  45.7","24","  43.5","24","9999.9"," 0","865.9","24"," 11.3","24","  5.0","24"," 19.0","999.9","  49.1"," ","  36.9"," "," 0.04","F","999.9","010000"
"47690099999","2021-10-20","36.7333333","139.5","1294.0","NIKKO, JA","  41.5","24","  31.8","24","9999.9"," 0","864.8","24"," 12.4","24","  9.8","24"," 19.0","999.9","  48.0"," ","  34.9","*"," 0.04","F","999.9","011000"
"47690099999","2021-10-21","36.7333333","139.5","1294.0","NIKKO, JA","  41.8","24","  35.0","24","9999.9"," 0","871.1","24"," 12.4","24","  3.5","24","  8.9","999.9","  50.7"," ","  34.9"," "," 0.00","F","999.9","000000"
"47690099999","2021-10-22","36.7333333","139.5","1294.0","NIKKO, JA","  38.2","24","  36.4","24","9999.9"," 0","869.0","24","  7.6","24","  3.1","24","  8.9","999.9","  41.5"," ","  33.6","*"," 0.43","F","999.9","111000"
"47690099999","2021-10-23","36.7333333","139.5","1294.0","NIKKO, JA","  37.3","24","  28.9","24","9999.9"," 0","875.3","24"," 12.4","24","  7.5","24"," 18.1","999.9","  44.8"," ","  30.9","*"," 0.00","F","999.9","010000"
"47690099999","2021-10-24","36.7333333","139.5","1294.0","NIKKO, JA","  41.4","24","  36.5","24","9999.9"," 0","879.8","24"," 12.4","24","  4.7","24","  7.0","999.9","  50.4"," ","  30.2"," "," 0.00","F","999.9","000000"
"47690099999","2021-10-25","36.7333333","139.5","1294.0","NIKKO, JA","  44.3","24","  41.1","24","9999.9"," 0","875.6","24"," 10.4","24","  3.6","24","  9.9","999.9","  48.2"," ","  36.0"," "," 0.00","F","999.9","010000"
"47690099999","2021-10-26","36.7333333","139.5","1294.0","NIKKO, JA","  43.8","24","  41.5","24","9999.9"," 0","870.8","24"," 12.4","24","  4.6","24","  7.0","999.9","  54.5"," ","  37.4","*"," 0.51","F","999.9","000000"
"47690099999","2021-10-27","36.7333333","139.5","1294.0","NIKKO, JA","  45.8","24","  43.3","24","9999.9"," 0","871.4","24"," 11.9","24","  3.4","24","  8.0","999.9","  55.6"," ","  37.0"," "," 0.00","F","999.9","110000"
"47690099999","2021-10-28","36.7333333","139.5","1294.0","NIKKO, JA","  44.3","22","  31.0","22","9999.9"," 0","872.3","22"," 12.4","19","  8.0","22"," 19.0","999.9","  57.7"," ","  34.3","*"," 0.00","F","999.9","010000"
"47690099999","2021-10-29","36.7333333","139.5","1294.0","NIKKO, JA","  39.9","24","  30.2","24","9999.9"," 0","875.6","24"," 12.4","24","  5.1","24","  8.9","999.9","  53.2"," ","  30.9","*"," 0.00","F","999.9","000000"
"47690099999","2021-10-30","36.7333333","139.5","1294.0","NIKKO, JA","  42.6","24","  38.1","24","9999.9"," 0","879.2","24"," 12.4","24","  5.0","24","  9.9","999.9","  50.9"," ","  30.4"," "," 0.00","F","999.9","000000"
"47690099999","2021-10-31","36.7333333","139.5","1294.0","NIKKO, JA","  43.8","24","  42.0","24","9999.9"," 0","877.6","24"," 11.9","24","  5.4","24","  8.9","999.9","  51.3"," ","  36.1"," "," 0.00","F","999.9","010000"
"47690099999","2021-11-01","36.7333333","139.5","1294.0","NIKKO, JA","  47.4","24","  46.0","24","9999.9"," 0","874.5","24"," 11.8","24","  3.6","24","  7.0","999.9","  54.5"," ","  39.0"," "," 0.00","F","999.9","010000"
"47690099999","2021-11-02","36.7333333","139.5","1294.0","NIKKO, JA","  46.9","24","  42.8","24","9999.9"," 0","869.9","24"," 12.2","24","  3.4","24","  8.0","999.9","  53.2"," ","  40.1"," "," 0.00","F","999.9","010000"
"47690099999","2021-11-03","36.7333333","139.5","1294.0","NIKKO, JA","  42.2","24","  34.6","24","9999.9"," 0","868.5","24"," 12.1","24","  4.6","24","  6.0","999.9","  51.8"," ","  34.0","*"," 0.00","F","999.9","000000"
"47690099999","2021-11-04","36.7333333","139.5","1294.0","NIKKO, JA","  42.7","24","  35.7","24","9999.9"," 0","870.3","24"," 12.4","24","  4.0","24","  8.0","999.9","  49.8"," ","  33.4"," "," 0.00","F","999.9","010000"
"47690099999","2021-11-05","36.7333333","139.5","1294.0","NIKKO, JA","  40.9","23","  33.3","23","9999.9"," 0","873.3","23"," 12.4","23","  4.8","23","  8.9","999.9","  52.5"," ","  32.2","*"," 0.00","F","999.9","010000"
"47690099999","2021-11-06","36.7333333","139.5","1294.0","NIKKO, JA","  40.9","24","  36.6","24","9999.9"," 0","875.6","24"," 12.4","24","  4.6","24","  8.9","999.9","  48.9"," ","  31.6"," "," 0.00","F","999.9","000000"
"47690099999","2021-11-07","36.7333333","139.5","1294.0","NIKKO, JA","  43.4","24","  38.6","24","9999.9"," 0","878.5","24"," 10.9","24","  4.3","24","  7.0","999.9","  52.9"," ","  35.6"," "," 0.00","F","999.9","010000"
"47690099999","2021-11-08","36.7333333","139.5","1294.0","NIKKO, JA","  46.9","24","  46.4","24","9999.9"," 0","873.9","24","  7.5","24","  5.4","24","  8.0","999.9","  50.0","*","  36.3"," "," 0.16","F","999.9","010000"
"47690099999","2021-11-09","36.7333333","139.5","1294.0","NIKKO, JA","  49.4","24","  48.7","24","9999.9"," 0","859.4","24","  5.4","24","  4.1","24","  8.0","999.9","  54.5"," ","  39.2","*"," 4.76","F","999.9","110000"
"47690099999","2021-11-10","36.7333333","139.5","1294.0","NIKKO, JA","  42.3","24","  28.1","24","9999.9"," 0","857.7","24"," 12.4","24"," 11.4","24"," 19.0","999.9","  49.1"," ","  37.2","*"," 0.28","F","999.9","000000"
"47690099999","2021-11-11","36.7333333","139.5","1294.0","NIKKO, JA","  43.2","24","  27.7","24","9999.9"," 0","861.5","24"," 12.4","24","  8.9","24"," 14.0","999.9","  50.7"," ","  37.0"," "," 0.00","F","999.9","000000"
"47690099999","2021-11-12","36.7333333","139.5","1294.0","NIKKO, JA","  38.9","24","  26.2","24","9999.9"," 0","865.3","24"," 12.4","24","  7.5","24"," 17.1","999.9","  46.4"," ","  30.2","*"," 0.00","F","999.9","010000"
"47690099999","2021-11-13","36.7333333","139.5","1294.0","NIKKO, JA","  37.8","24","  31.5","24","9999.9"," 0","871.9","24"," 12.4","24","  3.7","24","  8.0","999.9","  46.2"," ","  28.8"," "," 0.00","F","999.9","000000"
"47690099999","2021-11-14","36.7333333","139.5","1294.0","NIKKO, JA","  40.6","23","  31.6","23","9999.9"," 0","870.5","23"," 12.4","23","  5.7","23"," 14.0","999.9","  51.1"," ","  31.5"," "," 0.00","F","999.9","000000"
"47690099999","2021-11-15","36.7333333","139.5","1294.0","NIKKO, JA","  42.0","24","  32.9","24","9999.9"," 0","872.2","24"," 12.4","24","  5.8","24"," 13.0","999.9","  52.7"," ","  33.6"," "," 0.00","F","999.9","000000"
"47690099999","2021-11-16","36.7333333","139.5","1294.0","NIKKO, JA","  36.6","24","  31.5","24","9999.9"," 0","873.4","24"," 12.1","24","  2.9","24","  6.0","999.9","  46.2"," ","  30.6","*"," 0.00","F","999.9","000000"
"47690099999","2021-11-17","36.7333333","139.5","1294.0","NIKKO, JA","  39.5","23","  34.1","23","9999.9"," 0","873.8","23"," 12.2","23","  5.2","23","  9.9","999.9","  45.9"," ","  30.4"," "," 0.00","F","999.9","000000"
"47690099999","2021-11-19","36.7333333","139.5","1294.0","NIKKO, JA","  40.6","24","  31.6","24","9999.9"," 0","870.6","24"," 12.4","24","  3.8","24","  6.0","999.9","  50.5"," ","  30.4"," "," 0.00","F","999.9","000000"
"47690099999","2021-11-20","36.7333333","139.5","1294.0","NIKKO, JA","  38.8","24","  36.2","24","9999.9"," 0","874.0","24","  8.4","24","  2.8","24","  7.0","999.9","  47.1"," ","  32.0","*"," 0.00","F","999.9","100000"
"47690099999","2021-11-21","36.7333333","139.5","1294.0","NIKKO, JA","  44.5","24","  42.1","24","9999.9"," 0","873.5","24","  5.6","24","  3.5","24"," 11.1","999.9","  50.5"," ","  30.6"," "," 0.00","F","999.9","110000"
"47690099999","2021-11-22","36.7333333","139.5","1294.0","NIKKO, JA","  45.0","23","  38.7","23","9999.9"," 0","859.2","23"," 10.3","23"," 10.2","23"," 15.9","999.9","  50.5"," ","  36.1","*"," 0.63","F","999.9","010000"
"47690099999","2021-11-23","36.7333333","139.5","1294.0","NIKKO, JA","  35.8","24","  22.6","24","9999.9"," 0","858.1","24"," 12.4","24"," 13.7","24"," 20.0","999.9","  43.3"," ","  31.1","*"," 0.00","F","999.9","000000"
"47690099999","2021-11-24","36.7333333","139.5","1294.0","NIKKO, JA","  35.5","24","  23.1","24","9999.9"," 0","861.8","24"," 12.4","24"," 20.1","24"," 27.0","999.9","  39.4","*","  30.6"," "," 0.00","F","999.9","000000"
"47690099999","2021-11-25","36.7333333","139.5","1294.0","NIKKO, JA","  39.3","24","  27.4","24","9999.9"," 0","864.5","24"," 12.4","24"," 15.2","24"," 22.9","999.9","  46.0"," ","  33.4"," "," 0.00","F","999.9","011000"
"47690099999","2021-11-26","36.7333333","139.5","1294.0","NIKKO, JA","  35.6","24","  23.7","24","9999.9"," 0","867.7","24"," 12.2","24"," 12.9","24"," 25.1","999.9","  42.6"," ","  29.7","*"," 0.00","F","999.9","001000"
"47690099999","2021-11-27","36.7333333","139.5","1294.0","NIKKO, JA","  29.3","24","  19.1","24","9999.9"," 0","874.2","24"," 10.1","24"," 11.2","24"," 17.1","999.9","  32.9","*","  25.9","*"," 0.02","F","999.9","001000"
"47690099999","2021-11-28","36.7333333","139.5","1294.0","NIKKO, JA","  28.6","24","  17.4","24","9999.9"," 0","880.0","24"," 12.4","24","  8.2","24"," 13.0","999.9","  37.8"," ","  22.3","*"," 0.00","F","999.9","001000"
"47690099999","2021-11-29","36.7333333","139.5","1294.0","NIKKO, JA","  32.2","24","  20.6","24","9999.9"," 0","877.7","24"," 12.4","24","  6.7","24"," 11.1","999.9","  37.4"," ","  21.7"," "," 0.00","F","999.9","000000"
"47690099999","2021-11-30","36.7333333","139.5","1294.0","NIKKO, JA","  44.0","24","  35.4","24","9999.9"," 0","867.2","24","  9.7","24","  7.3","24"," 14.0","999.9","  47.8","*","  28.0"," "," 0.00","F","999.9","010000"
"47690099999","2021-12-01","36.7333333","139.5","1294.0","NIKKO, JA","  35.5","24","  23.1","24","9999.9"," 0","856.3","24"," 10.7","24"," 18.2","24"," 28.9","999.9","  52.5"," ","  26.2","*"," 1.34","F","999.9","011000"
"47690099999","2021-12-02","36.7333333","139.5","1294.0","NIKKO, JA","  33.1","24","  20.8","24","9999.9"," 0","868.2","24"," 12.4","24","  6.4","24"," 19.0","999.9","  38.5"," ","  25.5"," "," 0.00","F","999.9","000000"
"47690099999","2021-12-03","36.7333333","139.5","1294.0","NIKKO, JA","  35.3","24","  20.6","24","9999.9"," 0","863.7","24"," 12.4","24","  8.5","24"," 17.1","999.9","  45.3"," ","  27.3","*"," 0.00","F","999.9","000000"
"47690099999","2021-12-04","36.7333333","139.5","1294.0","NIKKO, JA","  31.1","24","  19.3","24","9999.9"," 0","867.8","24"," 12.4","24","  9.1","24"," 24.1","999.9","  41.5"," ","  21.4","*"," 0.00","F","999.9","000000"
"47690099999","2021-12-05","36.7333333","139.5","1294.0","NIKKO, JA","  30.9","24","  26.2","24","9999.9"," 0","879.3","24"," 11.6","24","  5.5","24","  8.9","999.9","  36.7","*","  20.5"," "," 0.00","F","999.9","100000"
"47690099999","2021-12-06","36.7333333","139.5","1294.0","NIKKO, JA","  38.3","24","  38.2","24","9999.9"," 0","878.5","24","  9.4","24","  4.7","24","  8.9","999.9","  40.1","*","  23.9"," "," 0.00","F","999.9","010000"
"47690099999","2021-12-07","36.7333333","139.5","1294.0","NIKKO, JA","  39.5","23","  39.0","23","9999.9"," 0","871.9","23","  7.3","23","  3.0","23","  6.0","999.9","  45.0"," ","  35.4","*"," 0.31","F","999.9","110000"
"47690099999","2021-12-08","36.7333333","139.5","1294.0","NIKKO, JA","  37.0","24","  31.4","24","9999.9"," 0","874.6","24"," 11.7","24","  4.6","24","  9.9","999.9","  39.9"," ","  31.1","*"," 0.51","F","999.9","011000"
"47690099999","2021-12-09","36.7333333","139.5","1294.0","NIKKO, JA","  32.6","24","  27.3","24","9999.9"," 0","878.4","24"," 11.2","24","  6.0","24"," 11.1","999.9","  41.0"," ","  27.3","*"," 0.00","F","999.9","100000"
"47690099999","2021-12-10","36.7333333","139.5","1294.0","NIKKO, JA","  32.1","24","  25.4","24","9999.9"," 0","874.6","24"," 12.1","24","  4.9","24","  8.9","999.9","  37.4","*","  27.0"," "," 0.00","F","999.9","000000"
"47690099999","2021-12-11","36.7333333","139.5","1294.0","NIKKO, JA","  37.0","24","  27.3","24","9999.9"," 0","873.5","24"," 12.4","24","  7.4","24","  9.9","999.9","  47.3"," ","  27.0"," "," 0.00","F","999.9","011000"
"47690099999","2021-12-12","36.7333333","139.5","1294.0","NIKKO, JA","  39.0","24","  27.8","24","9999.9"," 0","863.2","24"," 12.2","24"," 15.0","24"," 28.0","999.9","  49.3"," ","  29.1"," "," 0.00","H","999.9","010000"
"47690099999","2021-12-13","36.7333333","139.5","1294.0","NIKKO, JA","  26.3","24","  14.6","24","9999.9"," 0","867.1","24"," 11.9","24"," 13.7","24"," 32.1","999.9","  30.7"," ","  21.2","*"," 0.00","F","999.9","000000"
"47690099999","2021-12-14","36.7333333","139.5","1294.0","NIKKO, JA","  30.9","22","  22.0","22","9999.9"," 0","870.0","22"," 12.4","22","  4.7","22","  8.0","999.9","  36.9"," ","  20.3"," "," 0.00","F","999.9","011000"
"47690099999","2021-12-15","36.7333333","139.5","1294.0","NIKKO, JA","  34.9","24","  23.7","24","9999.9"," 0","871.0","24"," 12.4","24","  6.5","24"," 15.9","999.9","  43.5"," ","  24.4"," "," 0.00","F","999.9","000000"
"47690099999","2021-12-16","36.7333333","139.5","1294.0","NIKKO, JA","  38.3","24","  28.7","24","9999.9"," 0","865.9","24"," 12.2","24","  5.9","24"," 13.0","999.9","  44.6"," ","  28.0"," "," 0.00","F","999.9","010000"
"47690099999","2021-12-17","36.7333333","139.5","1294.0","NIKKO, JA","  28.7","24","  21.2","24","9999.9"," 0","852.4","24","  6.9","24"," 14.4","24"," 22.0","999.9","  44.2"," ","  15.4","*"," 0.14","F","999.9","111000"
"47690099999","2021-12-18","36.7333333","139.5","1294.0","NIKKO, JA","  18.7","24","   9.0","24","9999.9"," 0","861.8","24","  9.3","24"," 11.0","24"," 21.0","999.9","  23.9","*","  14.9"," "," 0.02","F","999.9","001000"
"47690099999","2021-12-19","36.7333333","139.5","1294.0","NIKKO, JA","  26.1","24","  20.1","24","9999.9"," 0","862.6","24","  7.1","24","  8.0","24"," 15.9","999.9","  30.2"," ","  14.2"," "," 0.00","F","999.9","001000"
"47690099999","2021-12-20","36.7333333","139.5","1294.0","NIKKO, JA","  31.2","24","  22.4","24","9999.9"," 0","866.1","24"," 12.4","24","  4.7","24"," 12.0","999.9","  38.7","*","  23.0"," "," 0.02","F","999.9","000000"
"47690099999","2021-12-21","36.7333333","139.5","1294.0","NIKKO, JA","  37.5","24","  25.3","24","9999.9"," 0","863.6","24"," 12.4","24","  8.9","24"," 20.0","999.9","  41.9"," ","  24.8"," "," 0.00","F","999.9","000000"
"47690099999","2021-12-22","36.7333333","139.5","1294.0","NIKKO, JA","  27.5","24","  11.5","24","9999.9"," 0","866.8","24"," 12.4","24","  8.8","24"," 15.9","999.9","  35.1"," ","  23.9","*"," 0.00","F","999.9","000000"
"47690099999","2021-12-23","36.7333333","139.5","1294.0","NIKKO, JA","  30.3","24","  18.3","24","9999.9"," 0","870.8","24"," 12.4","24","  6.3","24"," 15.0","999.9","  36.1"," ","  23.4"," "," 0.00","F","999.9","000000"
"47690099999","2021-12-24","36.7333333","139.5","1294.0","NIKKO, JA","  35.5","24","  27.5","24","9999.9"," 0","865.1","24"," 10.8","24","  7.5","24"," 15.9","999.9","  42.1"," ","  24.4"," "," 0.00","F","999.9","011000"
"47690099999","2021-12-25","36.7333333","139.5","1294.0","NIKKO, JA","  24.2","24","  11.4","24","9999.9"," 0","858.6","24"," 10.8","24"," 15.0","24"," 19.0","999.9","  38.5"," ","  15.6","*"," 0.00","F","999.9","001000"
"47690099999","2021-12-26","36.7333333","139.5","1294.0","NIKKO, JA","  14.3","24","   8.9","24","9999.9"," 0","860.1","24","  2.6","24"," 10.8","24"," 15.0","999.9","  17.8"," ","  11.5","*"," 0.04","F","999.9","001000"
"47690099999","2021-12-27","36.7333333","139.5","1294.0","NIKKO, JA","  17.6","24","  12.9","24","9999.9"," 0","862.4","24","  1.5","24"," 12.7","24"," 21.0","999.9","  19.8"," ","  11.3"," "," 0.12","F","999.9","101000"
"47690099999","2021-12-28","36.7333333","139.5","1294.0","NIKKO, JA","  17.8","24","   9.2","24","9999.9"," 0","870.2","24"," 12.3","24","  6.9","24"," 17.1","999.9","  24.8"," ","  11.8","*"," 0.02","F","999.9","001000"
"47690099999","2021-12-29","36.7333333","139.5","1294.0","NIKKO, JA","  30.8","24","  18.8","24","9999.9"," 0","864.4","24"," 12.4","24"," 10.0","24"," 15.0","999.9","  35.8"," ","  10.9"," "," 0.00","F","999.9","000000"
"47690099999","2021-12-30","36.7333333","139.5","1294.0","NIKKO, JA","  24.3","24","  17.6","24","9999.9"," 0","857.5","24","  9.0","24","  9.2","24"," 21.0","999.9","  35.2"," ","  16.3","*"," 0.04","F","999.9","001000"
"47690099999","2021-12-31","36.7333333","139.5","1294.0","NIKKO, JA","  14.4","24","   8.1","24","9999.9"," 0","859.4","24","  2.9","24"," 14.1","24"," 27.0","999.9","  20.3"," ","  11.7","*"," 0.04","F","999.9","101000"
