"STATION","DATE","LATITUDE","LONGITUDE","ELEVATION","NAME","TEMP","TEMP_ATTRIBUTES","DEWP","DEWP_ATTRIBUTES","SLP","SLP_ATTRIBUTES","STP","STP_ATTRIBUTES","VISIB","VISIB_ATTRIBUTES","WDSP","WDSP_ATTRIBUTES","MXSPD","GUST","MAX","MAX_ATTRIBUTES","MIN","MIN_ATTRIBUTES","PRCP","PRCP_ATTRIBUTES","SNDP","FRSHTT"
"47854099999","2021-01-01","32.083611","131.451389","78.94","NYUTABARU, JA","  41.0","24","  23.9","24","9999.9"," 0","999.9"," 0","  6.2","24","  5.9","24","  9.9","999.9","  51.8","*","  32.0","*"," 0.00","I","999.9","000000"
"47854099999","2021-01-02","32.083611","131.451389","78.94","NYUTABARU, JA","  43.3","24","  29.1","24","9999.9"," 0","999.9"," 0","  6.2","24","  6.9","24"," 14.0","999.9","  55.4","*","  33.8","*"," 0.00","I","999.9","000000"
"47854099999","2021-01-03","32.083611","131.451389","78.94","NYUTABARU, JA","  45.4","24","  31.6","24","9999.9"," 0","999.9"," 0","  6.2","24","  4.7","24","  8.0","999.9","  57.2","*","  39.2","*"," 0.00","I","999.9","000000"
"47854099999","2021-01-04","32.083611","131.451389","78.94","NYUTABARU, JA","  47.9","24","  33.0","24","9999.9"," 0","999.9"," 0","  6.2","24","  4.2","24","  8.9","999.9","  57.2","*","  42.8","*","99.99"," ","999.9","010000"
"47854099999","2021-01-05","32.083611","131.451389","78.94","NYUTABARU, JA","  45.6","24","  34.2","24","9999.9"," 0","999.9"," 0","  6.2","24","  5.0","24","  8.9","999.9","  50.0","*","  39.2","*","99.99"," ","999.9","010000"
"47854099999","2021-01-06","32.083611","131.451389","78.94","NYUTABARU, JA","  43.2","24","  25.2","24","9999.9"," 0","999.9"," 0","  6.2","24","  8.6","24"," 15.0","999.9","  50.0","*","  37.4","*"," 0.00","I","999.9","000000"
"47854099999","2021-01-07","32.083611","131.451389","78.94","NYUTABARU, JA","  35.2","24","  15.3","24","9999.9"," 0","999.9"," 0","  6.2","24"," 11.7","24"," 28.9"," 40.0","  46.4","*","  24.8","*","99.99"," ","999.9","010000"
"47854099999","2021-01-08","32.083611","131.451389","78.94","NYUTABARU, JA","  32.4","24","  14.1","24","9999.9"," 0","999.9"," 0","  6.2","24","  6.7","24"," 18.1","999.9","  44.6","*","  24.8","*"," 0.00","I","999.9","000000"
"47854099999","2021-01-09","32.083611","131.451389","78.94","NYUTABARU, JA","  35.4","24","  14.8","24","9999.9"," 0","999.9"," 0","  6.2","24","  8.7","24"," 21.0"," 31.1","  44.6","*","  24.8","*"," 0.00","I","999.9","000000"
"47854099999","2021-01-10","32.083611","131.451389","78.94","NYUTABARU, JA","  38.1","24","  19.2","24","9999.9"," 0","999.9"," 0","  6.2","24","  5.1","24","  8.9","999.9","  48.2","*","  33.8","*"," 0.00","I","999.9","000000"
"47854099999","2021-01-11","32.083611","131.451389","78.94","NYUTABARU, JA","  42.6","24","  30.9","24","9999.9"," 0","999.9"," 0","  4.4","24","  5.1","24","  9.9","999.9","  50.0","*","  37.4","*","99.99"," ","999.9","110000"
"47854099999","2021-01-12","32.083611","131.451389","78.94","NYUTABARU, JA","  40.7","24","  30.4","24","9999.9"," 0","999.9"," 0","  6.2","24","  7.7","24"," 18.1","999.9","  51.8","*","  33.8","*"," 0.00","I","999.9","000000"
"47854099999","2021-01-13","32.083611","131.451389","78.94","NYUTABARU, JA","  45.6","24","  33.1","24","9999.9"," 0","999.9"," 0","  6.2","24","  6.7","24"," 17.1","999.9","  57.2","*","  37.4","*"," 0.00","I","999.9","000000"
"47854099999","2021-01-14","32.083611","131.451389","78.94","NYUTABARU, JA","  51.0","24","  38.0","24","9999.9"," 0","999.9"," 0","  6.2","24","  5.5","24","  8.0","999.9","  64.4","*","  42.8","*"," 0.00","I","999.9","000000"
"47854099999","2021-01-15","32.083611","131.451389","78.94","NYUTABARU, JA","  55.1","23","  44.6","23","9999.9"," 0","999.9"," 0","  6.2","23","  5.5","23"," 11.1","999.9","  66.2","*","  48.2","*","99.99"," ","999.9","010000"
"47854099999","2021-01-16","32.083611","131.451389","78.94","NYUTABARU, JA","  54.2","24","  33.6","24","9999.9"," 0","999.9"," 0","  6.2","24","  8.1","24"," 18.1"," 28.0","  68.0","*","  41.0","*"," 0.00","I","999.9","000000"
"47854099999","2021-01-17","32.083611","131.451389","78.94","NYUTABARU, JA","  42.1","24","  19.7","24","9999.9"," 0","999.9"," 0","  6.2","24","  7.9","24"," 14.0","999.9","  53.6","*","  30.2","*"," 0.00","I","999.9","000000"
"47854099999","2021-01-18","32.083611","131.451389","78.94","NYUTABARU, JA","  46.2","24","  25.3","24","9999.9"," 0","999.9"," 0","  6.2","24","  9.0","24"," 22.0"," 35.9","  53.6","*","  37.4","*"," 0.00","I","999.9","000000"
"47854099999","2021-01-19","32.083611","131.451389","78.94","NYUTABARU, JA","  45.1","24","  30.7","24","9999.9"," 0","999.9"," 0","  6.2","24","  4.1","24","  7.0","999.9","  57.2","*","  35.6","*"," 0.00","I","999.9","000000"
"47854099999","2021-01-20","32.083611","131.451389","78.94","NYUTABARU, JA","  48.7","24","  39.4","24","9999.9"," 0","999.9"," 0","  6.2","24","  4.7","24","  8.0","999.9","  59.0","*","  39.2","*"," 0.00","I","999.9","000000"
"47854099999","2021-01-21","32.083611","131.451389","78.94","NYUTABARU, JA","  56.0","24","  48.5","24","9999.9"," 0","999.9"," 0","  5.8","24","  4.0","24","  6.0","999.9","  62.6","*","  48.2","*","99.99"," ","999.9","110000"
"47854099999","2021-01-22","32.083611","131.451389","78.94","NYUTABARU, JA","  63.2","24","  56.2","24","9999.9"," 0","999.9"," 0","  5.1","24","  4.9","24","  9.9","999.9","  77.0","*","  57.2","*","99.99"," ","999.9","010000"
"47854099999","2021-01-23","32.083611","131.451389","78.94","NYUTABARU, JA","  57.4","24","  55.3","24","9999.9"," 0","999.9"," 0","  4.5","24","  4.1","24","  9.9","999.9","  62.6","*","  53.6","*","99.99"," ","999.9","010000"
"47854099999","2021-01-24","32.083611","131.451389","78.94","NYUTABARU, JA","  51.3","24","  45.3","24","9999.9"," 0","999.9"," 0","  5.8","24","  5.1","24"," 12.0","999.9","  57.2","*","  48.2","*","99.99"," ","999.9","010000"
"47854099999","2021-01-25","32.083611","131.451389","78.94","NYUTABARU, JA","  54.6","24","  44.9","24","9999.9"," 0","999.9"," 0","  5.9","24","  5.3","24","  9.9","999.9","  59.0","*","  51.8","*","99.99"," ","999.9","010000"
"47854099999","2021-01-26","32.083611","131.451389","78.94","NYUTABARU, JA","  56.1","24","  53.8","24","9999.9"," 0","999.9"," 0","  5.8","24","  4.2","24"," 11.1","999.9","  60.8","*","  51.8","*","99.99"," ","999.9","010000"
"47854099999","2021-01-27","32.083611","131.451389","78.94","NYUTABARU, JA","  52.3","24","  42.4","24","9999.9"," 0","999.9"," 0","  6.2","24","  4.8","24","  9.9","999.9","  64.4","*","  41.0","*","99.99"," ","999.9","010000"
"47854099999","2021-01-28","32.083611","131.451389","78.94","NYUTABARU, JA","  49.6","24","  29.8","24","9999.9"," 0","999.9"," 0","  6.2","24"," 13.8","24"," 24.1"," 35.0","  64.4","*","  37.4","*"," 0.00","I","999.9","000000"
"47854099999","2021-01-29","32.083611","131.451389","78.94","NYUTABARU, JA","  38.8","24","  18.5","24","9999.9"," 0","999.9"," 0","  6.2","24","  9.5","24"," 14.0","999.9","  50.0","*","  28.4","*"," 0.00","I","999.9","000000"
"47854099999","2021-01-30","32.083611","131.451389","78.94","NYUTABARU, JA","  43.0","24","  23.8","24","9999.9"," 0","999.9"," 0","  6.2","24","  6.9","24","  9.9","999.9","  55.4","*","  35.6","*"," 0.00","I","999.9","000000"
"47854099999","2021-01-31","32.083611","131.451389","78.94","NYUTABARU, JA","  49.1","24","  32.6","24","9999.9"," 0","999.9"," 0","  6.2","24","  6.2","24","  8.9","999.9","  59.0","*","  42.8","*"," 0.00","I","999.9","000000"
"47854099999","2021-02-01","32.083611","131.451389","78.94","NYUTABARU, JA","  59.2","24","  47.6","24","9999.9"," 0","999.9"," 0","  6.2","24","  7.8","24"," 15.0"," 27.0","  68.0","*","  48.2","*","99.99"," ","999.9","010000"
"47854099999","2021-02-02","32.083611","131.451389","78.94","NYUTABARU, JA","  47.2","24","  23.7","24","9999.9"," 0","999.9"," 0","  6.2","24"," 10.0","24"," 22.0"," 28.9","  62.6","*","  33.8","*"," 0.00","I","999.9","000000"
"47854099999","2021-02-03","32.083611","131.451389","78.94","NYUTABARU, JA","  43.7","24","  27.2","24","9999.9"," 0","999.9"," 0","  6.2","24","  6.1","24","  8.9","999.9","  55.4","*","  35.6","*"," 0.00","I","999.9","000000"
"47854099999","2021-02-04","32.083611","131.451389","78.94","NYUTABARU, JA","  47.5","24","  31.3","24","9999.9"," 0","999.9"," 0","  6.2","24"," 10.0","24"," 19.0"," 29.9","  60.8","*","  35.6","*"," 0.00","I","999.9","000000"
"47854099999","2021-02-05","32.083611","131.451389","78.94","NYUTABARU, JA","  52.9","24","  34.7","24","9999.9"," 0","999.9"," 0","  5.7","24","  5.4","24"," 11.1","999.9","  62.6","*","  44.6","*","99.99"," ","999.9","010000"
"47854099999","2021-02-06","32.083611","131.451389","78.94","NYUTABARU, JA","  49.4","24","  44.2","24","9999.9"," 0","999.9"," 0","  6.2","24","  5.0","24","  8.9","999.9","  57.2","*","  42.8","*"," 0.00","I","999.9","000000"
"47854099999","2021-02-07","32.083611","131.451389","78.94","NYUTABARU, JA","  53.9","23","  38.1","23","9999.9"," 0","999.9"," 0","  6.2","23","  5.7","23","  8.9","999.9","  66.2","*","  42.8","*"," 0.00","I","999.9","000000"
"47854099999","2021-02-08","32.083611","131.451389","78.94","NYUTABARU, JA","  48.1","24","  22.2","24","9999.9"," 0","999.9"," 0","  6.2","24","  8.5","24"," 22.9"," 31.1","  64.4","*","  33.8","*"," 0.00","I","999.9","000000"
"47854099999","2021-02-09","32.083611","131.451389","78.94","NYUTABARU, JA","  45.7","22","  27.6","22","9999.9"," 0","999.9"," 0","  6.2","22","  6.1","22","  9.9","999.9","  57.2","*","  37.4","*"," 0.00","I","999.9","000000"
"47854099999","2021-02-10","32.083611","131.451389","78.94","NYUTABARU, JA","  56.2","13","  38.4","13","9999.9"," 0","999.9"," 0","  6.2","13","  5.5","13"," 11.1","999.9","  64.4","*","  44.6","*"," 0.00","I","999.9","000000"
"47854099999","2021-02-13","32.083611","131.451389","78.94","NYUTABARU, JA","  56.4","14","  54.1","14","9999.9"," 0","999.9"," 0","  6.1","14","  4.6","14","  6.0","999.9","  59.0","*","  55.4","*","99.99"," ","999.9","010000"
"47854099999","2021-02-14","32.083611","131.451389","78.94","NYUTABARU, JA","  59.3","24","  57.0","24","9999.9"," 0","999.9"," 0","  4.5","24","  6.4","24"," 11.1","999.9","  62.6","*","  55.4","*","99.99"," ","999.9","110000"
"47854099999","2021-02-15","32.083611","131.451389","78.94","NYUTABARU, JA","  55.0","24","  33.9","24","9999.9"," 0","999.9"," 0","  6.2","24"," 16.5","24"," 24.1"," 34.0","  69.8","*","  42.8","*"," 0.00","I","999.9","000000"
"47854099999","2021-02-16","32.083611","131.451389","78.94","NYUTABARU, JA","  50.1","24","  27.2","24","9999.9"," 0","999.9"," 0","  6.2","24"," 10.9","24"," 29.9"," 42.0","  59.0","*","  42.8","*","99.99"," ","999.9","010000"
"47854099999","2021-02-17","32.083611","131.451389","78.94","NYUTABARU, JA","  38.5","24","  17.6","24","9999.9"," 0","999.9"," 0","  6.2","24"," 17.9","24"," 28.0"," 38.1","  46.4","*","  32.0","*","99.99"," ","999.9","011000"
"47854099999","2021-02-18","32.083611","131.451389","78.94","NYUTABARU, JA","  38.1","24","  19.6","24","9999.9"," 0","999.9"," 0","  6.2","24"," 11.4","24"," 25.1"," 33.0","  46.4","*","  30.2","*"," 0.00","I","999.9","000000"
"47854099999","2021-02-19","32.083611","131.451389","78.94","NYUTABARU, JA","  50.6","12","  28.4","12","9999.9"," 0","999.9"," 0","  6.2","12","  5.3","12","  8.0","999.9","  57.2","*","  39.2","*"," 0.00","I","999.9","000000"
"47854099999","2021-02-21","32.083611","131.451389","78.94","NYUTABARU, JA","  53.3"," 6","  46.4"," 6","9999.9"," 0","999.9"," 0","  6.2"," 6","  2.8"," 6","  7.0","999.9","  53.6","*","  51.8","*"," 0.00","I","999.9","000000"
"47854099999","2021-02-22","32.083611","131.451389","78.94","NYUTABARU, JA","  63.5","23","  48.0","23","9999.9"," 0","999.9"," 0","  6.2","23","  6.3","23"," 15.9"," 27.0","  75.2","*","  53.6","*"," 0.00","I","999.9","000000"
"47854099999","2021-02-23","32.083611","131.451389","78.94","NYUTABARU, JA","  57.4","24","  43.2","24","9999.9"," 0","999.9"," 0","  6.2","24","  4.7","24","  8.9","999.9","  68.0","*","  46.4","*"," 0.00","I","999.9","000000"
"47854099999","2021-02-24","32.083611","131.451389","78.94","NYUTABARU, JA","  52.6","24","  38.8","24","9999.9"," 0","999.9"," 0","  6.2","24","  5.0","24","  8.9","999.9","  60.8","*","  44.6","*"," 0.00","I","999.9","000000"
"47854099999","2021-02-25","32.083611","131.451389","78.94","NYUTABARU, JA","  53.1","24","  48.2","24","9999.9"," 0","999.9"," 0","  5.2","24","  8.1","24"," 14.0"," 24.1","  55.4","*","  50.0","*","99.99"," ","999.9","010000"
"47854099999","2021-02-26","32.083611","131.451389","78.94","NYUTABARU, JA","  49.4","24","  40.1","24","9999.9"," 0","999.9"," 0","  5.1","24","  9.9","24"," 19.0"," 29.9","  51.8","*","  46.4","*","99.99"," ","999.9","010000"
"47854099999","2021-02-27","32.083611","131.451389","78.94","NYUTABARU, JA","  54.1","24","  36.4","24","9999.9"," 0","999.9"," 0","  6.1","24","  9.8","24"," 17.1"," 26.0","  60.8","*","  51.8","*","99.99"," ","999.9","010000"
"47854099999","2021-02-28","32.083611","131.451389","78.94","NYUTABARU, JA","  60.4","24","  52.0","24","9999.9"," 0","999.9"," 0","  6.0","24"," 10.8","24"," 18.1"," 28.9","  62.6","*","  57.2","*","99.99"," ","999.9","010000"
"47854099999","2021-03-01","32.083611","131.451389","78.94","NYUTABARU, JA","  62.5","24","  57.9","24","9999.9"," 0","999.9"," 0","  5.4","24","  5.8","24"," 13.0","999.9","  66.2","*","  59.0","*","99.99"," ","999.9","010000"
"47854099999","2021-03-02","32.083611","131.451389","78.94","NYUTABARU, JA","  51.6","24","  34.6","24","9999.9"," 0","999.9"," 0","  6.2","24","  8.0","24"," 14.0"," 22.0","  68.0","*","  37.4","*","99.99"," ","999.9","010000"
"47854099999","2021-03-03","32.083611","131.451389","78.94","NYUTABARU, JA","  48.8","24","  33.0","24","9999.9"," 0","999.9"," 0","  6.2","24","  4.9","24","  7.0","999.9","  57.2","*","  44.6","*"," 0.00","I","999.9","000000"
"47854099999","2021-03-04","32.083611","131.451389","78.94","NYUTABARU, JA","  58.6","24","  54.1","24","9999.9"," 0","999.9"," 0","  4.0","24","  6.7","24"," 13.0","999.9","  60.8","*","  53.6","*","99.99"," ","999.9","010000"
"47854099999","2021-03-05","32.083611","131.451389","78.94","NYUTABARU, JA","  63.3","24","  55.9","24","9999.9"," 0","999.9"," 0","  6.2","24","  4.3","24"," 13.0","999.9","  73.4","*","  59.0","*"," 0.00","I","999.9","000000"
"47854099999","2021-03-06","32.083611","131.451389","78.94","NYUTABARU, JA","  58.0","23","  46.2","23","9999.9"," 0","999.9"," 0","  6.1","23","  6.3","23"," 11.1","999.9","  66.2","*","  50.0","*","99.99"," ","999.9","010000"
"47854099999","2021-03-07","32.083611","131.451389","78.94","NYUTABARU, JA","  50.8","24","  47.0","24","9999.9"," 0","999.9"," 0","  5.2","24","  3.5","24","  6.0","999.9","  51.8","*","  50.0","*","99.99"," ","999.9","010000"
"47854099999","2021-03-08","32.083611","131.451389","78.94","NYUTABARU, JA","  54.4","24","  43.8","24","9999.9"," 0","999.9"," 0","  6.2","24","  3.7","24","  7.0","999.9","  64.4","*","  48.2","*"," 0.00","I","999.9","000000"
"47854099999","2021-03-09","32.083611","131.451389","78.94","NYUTABARU, JA","  57.3","24","  48.0","24","9999.9"," 0","999.9"," 0","  6.2","24","  3.4","24","  6.0","999.9","  64.4","*","  51.8","*","99.99"," ","999.9","010000"
"47854099999","2021-03-10","32.083611","131.451389","78.94","NYUTABARU, JA","  56.9","24","  37.3","23","9999.9"," 0","999.9"," 0","  6.2","24","  6.4","24"," 15.0"," 22.9","  69.8","*","  44.6","*"," 0.00","I","999.9","000000"
"47854099999","2021-03-11","32.083611","131.451389","78.94","NYUTABARU, JA","  60.7","24","  46.3","24","9999.9"," 0","999.9"," 0","  6.2","24","  4.3","24","  8.9","999.9","  68.0","*","  57.2","*","99.99"," ","999.9","010000"
"47854099999","2021-03-12","32.083611","131.451389","78.94","NYUTABARU, JA","  57.9","24","  53.1","24","9999.9"," 0","999.9"," 0","  5.0","24","  4.5","24","  8.9","999.9","  60.8","*","  51.8","*","99.99"," ","999.9","010000"
"47854099999","2021-03-13","32.083611","131.451389","78.94","NYUTABARU, JA","  57.9","24","  39.7","24","9999.9"," 0","999.9"," 0","  6.2","24","  6.2","24"," 11.1","999.9","  69.8","*","  46.4","*"," 0.00","I","999.9","000000"
"47854099999","2021-03-14","32.083611","131.451389","78.94","NYUTABARU, JA","  55.2","24","  39.4","24","9999.9"," 0","999.9"," 0","  6.2","24","  6.3","24","  8.9","999.9","  64.4","*","  46.4","*"," 0.00","I","999.9","000000"
"47854099999","2021-03-15","32.083611","131.451389","78.94","NYUTABARU, JA","  57.6","24","  43.9","24","9999.9"," 0","999.9"," 0","  6.2","24","  6.5","24","  9.9","999.9","  64.4","*","  50.0","*"," 0.00","I","999.9","000000"
"47854099999","2021-03-16","32.083611","131.451389","78.94","NYUTABARU, JA","  67.1","24","  56.2","24","9999.9"," 0","999.9"," 0","  5.7","24","  9.5","24"," 14.0","999.9","  77.0","*","  60.8","*","99.99"," ","999.9","010000"
"47854099999","2021-03-17","32.083611","131.451389","78.94","NYUTABARU, JA","  63.7","24","  51.9","24","9999.9"," 0","999.9"," 0","  5.4","24","  4.5","24","  8.9","999.9","  71.6","*","  57.2","*"," 0.00","I","999.9","000000"
"47854099999","2021-03-18","32.083611","131.451389","78.94","NYUTABARU, JA","  63.9","19","  53.5","19","9999.9"," 0","999.9"," 0","  6.2","19","  4.5","19","  8.9","999.9","  69.8","*","  60.8","*","99.99"," ","999.9","010000"
"47854099999","2021-03-19","32.083611","131.451389","78.94","NYUTABARU, JA","  63.0","24","  55.2","24","9999.9"," 0","999.9"," 0","  6.2","24","  4.3","24","  7.0","999.9","  64.4","*","  60.8","*","99.99"," ","999.9","010000"
"47854099999","2021-03-20","32.083611","131.451389","78.94","NYUTABARU, JA","  61.8","24","  60.1","24","9999.9"," 0","999.9"," 0","  4.4","24","  4.9","24","  9.9","999.9","  64.4","*","  60.8","*","99.99"," ","999.9","010010"
"47854099999","2021-03-21","32.083611","131.451389","78.94","NYUTABARU, JA","  56.8","23","  43.1","23","9999.9"," 0","999.9"," 0","  6.2","23"," 11.8","23"," 22.0"," 31.1","  69.8","*","  44.6","*"," 0.00","I","999.9","000000"
"47854099999","2021-03-22","32.083611","131.451389","78.94","NYUTABARU, JA","  50.1","24","  26.9","24","9999.9"," 0","999.9"," 0","  6.2","24","  8.0","24"," 15.0"," 20.0","  60.8","*","  39.2","*"," 0.00","I","999.9","000000"
"47854099999","2021-03-23","32.083611","131.451389","78.94","NYUTABARU, JA","  53.4","24","  36.9","24","9999.9"," 0","999.9"," 0","  6.2","24","  6.4","24","  9.9","999.9","  60.8","*","  44.6","*"," 0.00","I","999.9","000000"
"47854099999","2021-03-24","32.083611","131.451389","78.94","NYUTABARU, JA","  60.4","24","  48.0","24","9999.9"," 0","999.9"," 0","  6.2","24","  4.9","24","  9.9","999.9","  68.0","*","  55.4","*","99.99"," ","999.9","010000"
"47854099999","2021-03-25","32.083611","131.451389","78.94","NYUTABARU, JA","  59.5","24","  50.8","24","9999.9"," 0","999.9"," 0","  6.2","24","  5.5","24","  9.9","999.9","  68.0","*","  50.0","*","99.99"," ","999.9","010000"
"47854099999","2021-03-26","32.083611","131.451389","78.94","NYUTABARU, JA","  61.3","24","  40.7","24","9999.9"," 0","999.9"," 0","  6.2","24","  5.7","24","  8.9","999.9","  73.4","*","  50.0","*"," 0.00","I","999.9","000000"
"47854099999","2021-03-27","32.083611","131.451389","78.94","NYUTABARU, JA","  66.2","24","  52.2","24","9999.9"," 0","999.9"," 0","  5.2","24","  6.9","24"," 12.0"," 19.0","  71.6","*","  60.8","*","99.99"," ","999.9","010000"
"47854099999","2021-03-28","32.083611","131.451389","78.94","NYUTABARU, JA","  59.7","24","  54.5","24","9999.9"," 0","999.9"," 0","  5.7","24","  7.5","24"," 21.0"," 22.9","  68.0","*","  50.0","*","99.99"," ","999.9","010000"
"47854099999","2021-03-29","32.083611","131.451389","78.94","NYUTABARU, JA","  62.1","23","  51.5","23","9999.9"," 0","999.9"," 0","  6.2","23","  4.9","23","  8.0","999.9","  71.6","*","  53.6","*"," 0.00","I","999.9","000000"
"47854099999","2021-03-30","32.083611","131.451389","78.94","NYUTABARU, JA","  60.9","24","  52.8","24","9999.9"," 0","999.9"," 0","  4.1","24","  4.1","24","  7.0","999.9","  68.0","*","  53.6","*","99.99"," ","999.9","010000"
"47854099999","2021-03-31","32.083611","131.451389","78.94","NYUTABARU, JA","  63.3","23","  49.1","23","9999.9"," 0","999.9"," 0","  6.2","23","  3.9","23","  8.9","999.9","  71.6","*","  59.0","*"," 0.00","I","999.9","000000"
"47854099999","2021-04-01","32.083611","131.451389","78.94","NYUTABARU, JA","  66.0","24","  56.1","24","9999.9"," 0","999.9"," 0","  6.0","24","  8.4","24"," 12.0","999.9","  68.0","*","  62.6","*","99.99"," ","999.9","010000"
"47854099999","2021-04-02","32.083611","131.451389","78.94","NYUTABARU, JA","  65.5","24","  58.3","24","9999.9"," 0","999.9"," 0","  4.3","24"," 10.3","24"," 15.9"," 26.0","  69.8","*","  60.8","*","99.99"," ","999.9","010000"
"47854099999","2021-04-03","32.083611","131.451389","78.94","NYUTABARU, JA","  63.8","24","  62.1","24","9999.9"," 0","999.9"," 0","  1.8","24","  4.6","24","  9.9","999.9","  66.2","*","  62.6","*","99.99"," ","999.9","010000"
"47854099999","2021-04-04","32.083611","131.451389","78.94","NYUTABARU, JA","  65.4","24","  61.0","24","9999.9"," 0","999.9"," 0","  5.3","24","  4.4","24"," 13.0","999.9","  75.2","*","  57.2","*","99.99"," ","999.9","010000"
"47854099999","2021-04-05","32.083611","131.451389","78.94","NYUTABARU, JA","  59.3","24","  40.8","24","9999.9"," 0","999.9"," 0","  6.2","24","  7.2","24"," 15.0"," 25.1","  68.0","*","  50.0","*"," 0.00","I","999.9","000000"
"47854099999","2021-04-06","32.083611","131.451389","78.94","NYUTABARU, JA","  59.0","24","  45.9","24","9999.9"," 0","999.9"," 0","  6.2","24","  5.6","24","  8.0","999.9","  66.2","*","  50.0","*"," 0.00","I","999.9","000000"
"47854099999","2021-04-07","32.083611","131.451389","78.94","NYUTABARU, JA","  62.9","24","  41.6","24","9999.9"," 0","999.9"," 0","  6.2","24","  5.5","24","  8.0","999.9","  71.6","*","  55.4","*"," 0.00","I","999.9","000000"
"47854099999","2021-04-08","32.083611","131.451389","78.94","NYUTABARU, JA","  60.3","24","  39.8","24","9999.9"," 0","999.9"," 0","  6.2","24","  6.0","24"," 12.0","999.9","  71.6","*","  48.2","*"," 0.00","I","999.9","000000"
"47854099999","2021-04-09","32.083611","131.451389","78.94","NYUTABARU, JA","  59.6","24","  35.1","24","9999.9"," 0","999.9"," 0","  6.2","24","  5.8","24"," 12.0","999.9","  68.0","*","  51.8","*"," 0.00","I","999.9","000000"
"47854099999","2021-04-10","32.083611","131.451389","78.94","NYUTABARU, JA","  57.4","24","  34.0","24","9999.9"," 0","999.9"," 0","  6.2","24","  6.7","24"," 11.1","999.9","  66.2","*","  50.0","*"," 0.00","I","999.9","000000"
"47854099999","2021-04-11","32.083611","131.451389","78.94","NYUTABARU, JA","  61.4","24","  48.1","24","9999.9"," 0","999.9"," 0","  5.8","24","  6.9","24"," 11.1","999.9","  66.2","*","  55.4","*","99.99"," ","999.9","010000"
"47854099999","2021-04-12","32.083611","131.451389","78.94","NYUTABARU, JA","  64.6","24","  59.9","24","9999.9"," 0","999.9"," 0","  4.6","24"," 10.4","24"," 15.0"," 22.9","  71.6","*","  60.8","*","99.99"," ","999.9","010000"
"47854099999","2021-04-13","32.083611","131.451389","78.94","NYUTABARU, JA","  65.2","24","  54.6","24","9999.9"," 0","999.9"," 0","  5.6","24","  7.7","24"," 17.1","999.9","  78.8","*","  55.4","*","99.99"," ","999.9","010000"
"47854099999","2021-04-14","32.083611","131.451389","78.94","NYUTABARU, JA","  57.6","24","  41.8","24","9999.9"," 0","999.9"," 0","  6.2","24","  4.4","24","  8.0","999.9","  71.6","*","  46.4","*"," 0.00","I","999.9","000000"
"47854099999","2021-04-15","32.083611","131.451389","78.94","NYUTABARU, JA","  59.1","24","  40.4","24","9999.9"," 0","999.9"," 0","  6.2","24","  5.3","24"," 12.0","999.9","  66.2","*","  53.6","*"," 0.00","I","999.9","000000"
"47854099999","2021-04-16","32.083611","131.451389","78.94","NYUTABARU, JA","  60.6","23","  51.0","23","9999.9"," 0","999.9"," 0","  5.7","23","  3.6","23","  7.0","999.9","  68.0","*","  55.4","*","99.99"," ","999.9","010000"
"47854099999","2021-04-17","32.083611","131.451389","78.94","NYUTABARU, JA","  58.6","24","  43.0","24","9999.9"," 0","999.9"," 0","  5.5","24","  8.3","24"," 18.1"," 27.0","  68.0","*","  50.0","*","99.99"," ","999.9","010000"
"47854099999","2021-04-18","32.083611","131.451389","78.94","NYUTABARU, JA","  56.4","24","  35.6","24","9999.9"," 0","999.9"," 0","  6.2","24","  9.3","24"," 19.0"," 28.9","  69.8","*","  46.4","*"," 0.00","I","999.9","000000"
"47854099999","2021-04-19","32.083611","131.451389","78.94","NYUTABARU, JA","  59.8","23","  39.8","23","9999.9"," 0","999.9"," 0","  6.2","23","  7.3","23"," 11.1","999.9","  69.8","*","  48.2","*"," 0.00","I","999.9","000000"
"47854099999","2021-04-20","32.083611","131.451389","78.94","NYUTABARU, JA","  63.6","24","  42.3","24","9999.9"," 0","999.9"," 0","  6.2","24","  5.4","24","  8.9","999.9","  75.2","*","  53.6","*"," 0.00","I","999.9","000000"
"47854099999","2021-04-21","32.083611","131.451389","78.94","NYUTABARU, JA","  65.2","24","  44.5","24","9999.9"," 0","999.9"," 0","  6.2","24","  4.3","24","  8.0","999.9","  78.8","*","  55.4","*"," 0.00","I","999.9","000000"
"47854099999","2021-04-22","32.083611","131.451389","78.94","NYUTABARU, JA","  67.1","23","  45.5","23","9999.9"," 0","999.9"," 0","  6.2","23","  4.9","23","  8.0","999.9","  78.8","*","  57.2","*"," 0.00","I","999.9","000000"
"47854099999","2021-04-23","32.083611","131.451389","78.94","NYUTABARU, JA","  66.2","24","  58.3","24","9999.9"," 0","999.9"," 0","  5.8","24","  9.5","24"," 15.9"," 24.1","  71.6","*","  60.8","*","99.99"," ","999.9","010000"
"47854099999","2021-04-24","32.083611","131.451389","78.94","NYUTABARU, JA","  64.5","24","  51.9","24","9999.9"," 0","999.9"," 0","  6.2","24","  7.8","24"," 13.0","999.9","  73.4","*","  55.4","*"," 0.00","I","999.9","000000"
"47854099999","2021-04-25","32.083611","131.451389","78.94","NYUTABARU, JA","  64.8","24","  49.8","24","9999.9"," 0","999.9"," 0","  6.2","24","  4.8","24","  9.9","999.9","  75.2","*","  53.6","*"," 0.00","I","999.9","000000"
"47854099999","2021-04-26","32.083611","131.451389","78.94","NYUTABARU, JA","  60.0","24","  39.6","24","9999.9"," 0","999.9"," 0","  6.2","24","  5.8","24"," 13.0","999.9","  69.8","*","  51.8","*"," 0.00","I","999.9","000000"
"47854099999","2021-04-27","32.083611","131.451389","78.94","NYUTABARU, JA","  66.5","24","  56.8","24","9999.9"," 0","999.9"," 0","  5.7","24","  4.8","24","  8.9","999.9","  71.6","*","  62.6","*","99.99"," ","999.9","010000"
"47854099999","2021-04-28","32.083611","131.451389","78.94","NYUTABARU, JA","  64.0","24","  60.5","24","9999.9"," 0","999.9"," 0","  5.6","24","  4.5","24","  6.0","999.9","  68.0","*","  59.0","*","99.99"," ","999.9","010000"
"47854099999","2021-04-29","32.083611","131.451389","78.94","NYUTABARU, JA","  58.9","24","  54.3","24","9999.9"," 0","999.9"," 0","  5.3","24","  6.1","24","  9.9","999.9","  64.4","*","  53.6","*","99.99"," ","999.9","010000"
"47854099999","2021-04-30","32.083611","131.451389","78.94","NYUTABARU, JA","  68.6","24","  46.3","24","9999.9"," 0","999.9"," 0","  6.0","24"," 10.8","24"," 25.1"," 35.0","  82.4","*","  55.4","*","99.99"," ","999.9","010010"
"47854099999","2021-05-01","32.083611","131.451389","78.94","NYUTABARU, JA","  65.8","24","  45.0","24","9999.9"," 0","999.9"," 0","  5.8","24"," 14.2","24"," 22.9"," 33.0","  80.6","*","  55.4","*","99.99"," ","999.9","010010"
"47854099999","2021-05-02","32.083611","131.451389","78.94","NYUTABARU, JA","  58.1","24","  37.0","24","9999.9"," 0","999.9"," 0","  6.2","24","  9.5","24"," 22.9"," 33.0","  69.8","*","  48.2","*"," 0.00","I","999.9","000000"
"47854099999","2021-05-03","32.083611","131.451389","78.94","NYUTABARU, JA","  61.7","24","  41.5","24","9999.9"," 0","999.9"," 0","  6.2","24","  5.8","24","  9.9","999.9","  71.6","*","  51.8","*"," 0.00","I","999.9","000000"
"47854099999","2021-05-04","32.083611","131.451389","78.94","NYUTABARU, JA","  67.7","24","  56.5","24","9999.9"," 0","999.9"," 0","  6.1","24","  7.6","24"," 15.0","999.9","  73.4","*","  62.6","*","99.99"," ","999.9","010000"
"47854099999","2021-05-05","32.083611","131.451389","78.94","NYUTABARU, JA","  65.9","24","  58.1","24","9999.9"," 0","999.9"," 0","  5.7","24","  5.6","24","  9.9","999.9","  78.8","*","  55.4","*","99.99"," ","999.9","010000"
"47854099999","2021-05-06","32.083611","131.451389","78.94","NYUTABARU, JA","  66.0","23","  46.6","23","9999.9"," 0","999.9"," 0","  6.2","23","  4.6","23","  8.0","999.9","  75.2","*","  60.8","*","99.99"," ","999.9","010000"
"47854099999","2021-05-07","32.083611","131.451389","78.94","NYUTABARU, JA","  61.5","24","  58.5","24","9999.9"," 0","999.9"," 0","  4.1","24","  3.4","24","  6.0","999.9","  66.2","*","  59.0","*","99.99"," ","999.9","110000"
"47854099999","2021-05-08","32.083611","131.451389","78.94","NYUTABARU, JA","  68.5","24","  59.8","24","9999.9"," 0","999.9"," 0","  6.2","24","  7.8","24"," 14.0","999.9","  77.0","*","  62.6","*","99.99"," ","999.9","010000"
"47854099999","2021-05-09","32.083611","131.451389","78.94","NYUTABARU, JA","  71.5","24","  53.5","24","9999.9"," 0","999.9"," 0","  6.2","24","  6.3","24"," 15.0","999.9","  87.8","*","  59.0","*"," 0.00","I","999.9","000000"
"47854099999","2021-05-10","32.083611","131.451389","78.94","NYUTABARU, JA","  70.6","24","  55.5","24","9999.9"," 0","999.9"," 0","  6.2","24","  3.9","24","  8.9","999.9","  78.8","*","  62.6","*"," 0.00","I","999.9","000000"
"47854099999","2021-05-11","32.083611","131.451389","78.94","NYUTABARU, JA","  70.0","24","  63.8","24","9999.9"," 0","999.9"," 0","  4.0","24","  5.9","24"," 13.0"," 22.9","  77.0","*","  64.4","*","99.99"," ","999.9","010000"
"47854099999","2021-05-12","32.083611","131.451389","78.94","NYUTABARU, JA","  66.9","24","  64.0","24","9999.9"," 0","999.9"," 0","  4.0","24","  9.3","24"," 15.9"," 25.1","  71.6","*","  62.6","*","99.99"," ","999.9","010000"
"47854099999","2021-05-13","32.083611","131.451389","78.94","NYUTABARU, JA","  69.0","24","  63.5","24","9999.9"," 0","999.9"," 0","  6.2","24","  3.6","24","  8.0","999.9","  73.4","*","  66.2","*","99.99"," ","999.9","010000"
"47854099999","2021-05-14","32.083611","131.451389","78.94","NYUTABARU, JA","  69.8","24","  67.3","24","9999.9"," 0","999.9"," 0","  2.6","24","  3.2","24","  5.1","999.9","  71.6","*","  68.0","*","99.99"," ","999.9","010000"
"47854099999","2021-05-15","32.083611","131.451389","78.94","NYUTABARU, JA","  70.0","24","  68.4","24","9999.9"," 0","999.9"," 0","  2.7","24","  2.6","24","  8.0","999.9","  75.2","*","  69.8","*","99.99"," ","999.9","010010"
"47854099999","2021-05-16","32.083611","131.451389","78.94","NYUTABARU, JA","  81.4","24","  71.3","24","9999.9"," 0","999.9"," 0","  6.2","24"," 12.0","24"," 19.0"," 31.1","  89.6","*","  75.2","*","99.99"," ","999.9","010000"
"47854099999","2021-05-17","32.083611","131.451389","78.94","NYUTABARU, JA","  72.2","24","  68.2","24","9999.9"," 0","999.9"," 0","  5.4","24","  7.6","24"," 15.0","999.9","  78.8","*","  68.0","*","99.99"," ","999.9","010010"
"47854099999","2021-05-18","32.083611","131.451389","78.94","NYUTABARU, JA","  70.7","24","  66.6","24","9999.9"," 0","999.9"," 0","  4.3","24","  4.1","24","  8.9","999.9","  78.8","*","  66.2","*","99.99"," ","999.9","010000"
"47854099999","2021-05-19","32.083611","131.451389","78.94","NYUTABARU, JA","  68.4","24","  66.3","24","9999.9"," 0","999.9"," 0","  2.1","24","  2.9","24","  6.0","999.9","  71.6","*","  66.2","*","99.99"," ","999.9","010010"
"47854099999","2021-05-20","32.083611","131.451389","78.94","NYUTABARU, JA","  74.2","24","  70.7","24","9999.9"," 0","999.9"," 0","  4.4","24","  9.4","24"," 18.1"," 28.9","  80.6","*","  68.0","*","99.99"," ","999.9","010000"
"47854099999","2021-05-21","32.083611","131.451389","78.94","NYUTABARU, JA","  64.9","24","  58.8","24","9999.9"," 0","999.9"," 0","  6.2","24","  7.0","24"," 18.1"," 28.0","  73.4","*","  59.0","*","99.99"," ","999.9","010000"
"47854099999","2021-05-22","32.083611","131.451389","78.94","NYUTABARU, JA","  64.0","24","  55.6","24","9999.9"," 0","999.9"," 0","  6.2","24","  4.5","24","  8.0","999.9","  71.6","*","  57.2","*"," 0.00","I","999.9","000000"
"47854099999","2021-05-23","32.083611","131.451389","78.94","NYUTABARU, JA","  72.7","24","  56.0","24","9999.9"," 0","999.9"," 0","  5.8","24","  4.0","24","  8.9","999.9","  82.4","*","  62.6","*","99.99"," ","999.9","010000"
"47854099999","2021-05-24","32.083611","131.451389","78.94","NYUTABARU, JA","  65.8","24","  63.2","24","9999.9"," 0","999.9"," 0","  4.6","24","  4.2","24","  7.0","999.9","  68.0","*","  62.6","*","99.99"," ","999.9","010000"
"47854099999","2021-05-25","32.083611","131.451389","78.94","NYUTABARU, JA","  73.2","24","  51.7","24","9999.9"," 0","999.9"," 0","  6.2","24","  8.0","24"," 20.0"," 29.9","  86.0","*","  66.2","*"," 0.00","I","999.9","000000"
"47854099999","2021-05-26","32.083611","131.451389","78.94","NYUTABARU, JA","  66.4","24","  58.3","24","9999.9"," 0","999.9"," 0","  4.4","24","  5.1","24"," 15.9","999.9","  75.2","*","  60.8","*","99.99"," ","999.9","010010"
"47854099999","2021-05-27","32.083611","131.451389","78.94","NYUTABARU, JA","  69.9","24","  60.5","24","9999.9"," 0","999.9"," 0","  6.0","24","  7.7","24"," 15.0"," 20.0","  82.4","*","  62.6","*","99.99"," ","999.9","010000"
"47854099999","2021-05-28","32.083611","131.451389","78.94","NYUTABARU, JA","  72.2","24","  58.5","24","9999.9"," 0","999.9"," 0","  6.2","24","  8.8","24"," 14.0","999.9","  80.6","*","  68.0","*"," 0.00","I","999.9","000000"
"47854099999","2021-05-29","32.083611","131.451389","78.94","NYUTABARU, JA","  70.8","22","  56.0","22","9999.9"," 0","999.9"," 0","  6.2","22","  4.9","22","  9.9","999.9","  82.4","*","  62.6","*"," 0.00","I","999.9","000000"
"47854099999","2021-05-30","32.083611","131.451389","78.94","NYUTABARU, JA","  70.8","23","  53.1","23","9999.9"," 0","999.9"," 0","  6.2","23","  4.3","23","  8.0","999.9","  80.6","*","  62.6","*"," 0.00","I","999.9","000000"
"47854099999","2021-05-31","32.083611","131.451389","78.94","NYUTABARU, JA","  73.8","24","  61.3","24","9999.9"," 0","999.9"," 0","  6.2","24","  4.1","24","  8.9","999.9","  80.6","*","  66.2","*"," 0.00","I","999.9","000000"
"47854099999","2021-06-01","32.083611","131.451389","78.94","NYUTABARU, JA","  75.0","24","  63.6","24","9999.9"," 0","999.9"," 0","  6.2","24","  5.1","24","  8.9","999.9","  82.4","*","  69.8","*"," 0.00","I","999.9","000000"
"47854099999","2021-06-02","32.083611","131.451389","78.94","NYUTABARU, JA","  71.5","24","  66.3","24","9999.9"," 0","999.9"," 0","  5.4","24","  6.7","24"," 13.0","999.9","  75.2","*","  69.8","*","99.99"," ","999.9","010000"
"47854099999","2021-06-03","32.083611","131.451389","78.94","NYUTABARU, JA","  71.9","24","  70.0","24","9999.9"," 0","999.9"," 0","  2.1","24","  5.9","24"," 12.0"," 21.0","  77.0","*","  69.8","*","99.99"," ","999.9","110000"
"47854099999","2021-06-04","32.083611","131.451389","78.94","NYUTABARU, JA","  69.9","24","  64.9","24","9999.9"," 0","999.9"," 0","  5.9","24","  5.0","24"," 11.1","999.9","  77.0","*","  66.2","*","99.99"," ","999.9","010000"
"47854099999","2021-06-05","32.083611","131.451389","78.94","NYUTABARU, JA","  65.2","24","  57.7","24","9999.9"," 0","999.9"," 0","  6.2","24","  4.1","24","  8.9","999.9","  75.2","*","  59.0","*","99.99"," ","999.9","010000"
"47854099999","2021-06-06","32.083611","131.451389","78.94","NYUTABARU, JA","  69.3","23","  62.3","23","9999.9"," 0","999.9"," 0","  6.2","23","  3.1","23","  6.0","999.9","  73.4","*","  66.2","*"," 0.00","I","999.9","000000"
"47854099999","2021-06-07","32.083611","131.451389","78.94","NYUTABARU, JA","  73.4","24","  64.1","24","9999.9"," 0","999.9"," 0","  6.2","24","  4.0","24","  8.0","999.9","  80.6","*","  66.2","*"," 0.00","I","999.9","000000"
"47854099999","2021-06-08","32.083611","131.451389","78.94","NYUTABARU, JA","  76.4","24","  66.5","24","9999.9"," 0","999.9"," 0","  6.2","24","  4.8","24","  9.9","999.9","  82.4","*","  71.6","*"," 0.00","I","999.9","000000"
"47854099999","2021-06-09","32.083611","131.451389","78.94","NYUTABARU, JA","  75.7","24","  66.2","24","9999.9"," 0","999.9"," 0","  6.0","24","  4.2","24","  8.0","999.9","  82.4","*","  69.8","*"," 0.00","I","999.9","000000"
"47854099999","2021-06-10","32.083611","131.451389","78.94","NYUTABARU, JA","  75.9","24","  69.0","24","9999.9"," 0","999.9"," 0","  6.2","24","  5.7","24"," 13.0","999.9","  80.6","*","  73.4","*","99.99"," ","999.9","010000"
"47854099999","2021-06-11","32.083611","131.451389","78.94","NYUTABARU, JA","  75.4","24","  69.4","24","9999.9"," 0","999.9"," 0","  4.3","24","  6.7","24","  9.9","999.9","  80.6","*","  73.4","*","99.99"," ","999.9","010000"
"47854099999","2021-06-12","32.083611","131.451389","78.94","NYUTABARU, JA","  73.1","23","  71.4","23","9999.9"," 0","999.9"," 0","  1.7","23","  5.1","23"," 11.1","999.9","  75.2","*","  71.6","*","99.99"," ","999.9","010010"
"47854099999","2021-06-13","32.083611","131.451389","78.94","NYUTABARU, JA","  73.3","24","  71.0","24","9999.9"," 0","999.9"," 0","  5.1","24","  3.0","24","  7.0","999.9","  77.0","*","  71.6","*","99.99"," ","999.9","010000"
"47854099999","2021-06-14","32.083611","131.451389","78.94","NYUTABARU, JA","  75.6","24","  67.7","24","9999.9"," 0","999.9"," 0","  6.2","24","  3.9","24","  8.9","999.9","  84.2","*","  69.8","*"," 0.00","I","999.9","000000"
"47854099999","2021-06-15","32.083611","131.451389","78.94","NYUTABARU, JA","  72.5","24","  66.5","24","9999.9"," 0","999.9"," 0","  5.0","24","  5.0","24","  8.9","999.9","  80.6","*","  66.2","*","99.99"," ","999.9","010000"
"47854099999","2021-06-16","32.083611","131.451389","78.94","NYUTABARU, JA","  70.2","24","  66.6","24","9999.9"," 0","999.9"," 0","  4.1","24","  8.9","24"," 14.0"," 22.9","  73.4","*","  68.0","*","99.99"," ","999.9","010000"
"47854099999","2021-06-17","32.083611","131.451389","78.94","NYUTABARU, JA","  74.4","23","  67.1","23","9999.9"," 0","999.9"," 0","  6.0","23","  4.8","23","  8.0","999.9","  78.8","*","  69.8","*","99.99"," ","999.9","010000"
"47854099999","2021-06-18","32.083611","131.451389","78.94","NYUTABARU, JA","  74.8","24","  70.5","24","9999.9"," 0","999.9"," 0","  5.6","24","  4.0","24","  8.0","999.9","  78.8","*","  71.6","*","99.99"," ","999.9","010000"
"47854099999","2021-06-19","32.083611","131.451389","78.94","NYUTABARU, JA","  75.4","23","  69.6","23","9999.9"," 0","999.9"," 0","  6.2","23","  3.3","23","  8.9","999.9","  82.4","*","  69.8","*","99.99"," ","999.9","010000"
"47854099999","2021-06-20","32.083611","131.451389","78.94","NYUTABARU, JA","  74.4","24","  58.8","24","9999.9"," 0","999.9"," 0","  6.2","24","  4.1","24","  7.0","999.9","  82.4","*","  64.4","*","99.99"," ","999.9","010000"
"47854099999","2021-06-21","32.083611","131.451389","78.94","NYUTABARU, JA","  76.2","24","  65.4","24","9999.9"," 0","999.9"," 0","  6.2","24","  4.6","24","  9.9","999.9","  82.4","*","  68.0","*"," 0.00","I","999.9","000000"
"47854099999","2021-06-24","32.083611","131.451389","78.94","NYUTABARU, JA","  74.5","18","  64.7","18","9999.9"," 0","999.9"," 0","  6.2","18","  4.7","18","  8.0","999.9","  80.6","*","  68.0","*"," 0.00","I","999.9","000000"
"47854099999","2021-06-25","32.083611","131.451389","78.94","NYUTABARU, JA","  77.7","23","  67.5","23","9999.9"," 0","999.9"," 0","  6.1","23","  4.5","23","  8.9","999.9","  84.2","*","  73.4","*","99.99"," ","999.9","010000"
"47854099999","2021-06-26","32.083611","131.451389","78.94","NYUTABARU, JA","  72.9","24","  68.1","24","9999.9"," 0","999.9"," 0","  5.2","24","  4.1","24","  6.0","999.9","  78.8","*","  68.0","*","99.99"," ","999.9","010000"
"47854099999","2021-06-27","32.083611","131.451389","78.94","NYUTABARU, JA","  70.4","24","  68.2","24","9999.9"," 0","999.9"," 0","  4.2","24","  6.1","24","  8.9","999.9","  73.4","*","  68.0","*","99.99"," ","999.9","010000"
"47854099999","2021-06-28","32.083611","131.451389","78.94","NYUTABARU, JA","  72.7","23","  69.1","23","9999.9"," 0","999.9"," 0","  5.6","23","  5.5","23","  8.9","999.9","  78.8","*","  71.6","*","99.99"," ","999.9","010000"
"47854099999","2021-06-29","32.083611","131.451389","78.94","NYUTABARU, JA","  79.0","24","  70.2","24","9999.9"," 0","999.9"," 0","  6.2","24","  4.5","24"," 11.1","999.9","  84.2","*","  73.4","*","99.99"," ","999.9","010000"
"47854099999","2021-06-30","32.083611","131.451389","78.94","NYUTABARU, JA","  76.9","24","  70.3","24","9999.9"," 0","999.9"," 0","  5.7","24","  7.3","24"," 12.0","999.9","  86.0","*","  73.4","*","99.99"," ","999.9","010000"
"47854099999","2021-07-01","32.083611","131.451389","78.94","NYUTABARU, JA","  75.5","24","  73.3","24","9999.9"," 0","999.9"," 0","  2.7","24","  5.8","24"," 13.0","999.9","  80.6","*","  73.4","*","99.99"," ","999.9","110000"
"47854099999","2021-07-02","32.083611","131.451389","78.94","NYUTABARU, JA","  78.5","22","  72.8","22","9999.9"," 0","999.9"," 0","  6.0","22","  5.1","22","  8.0","999.9","  82.4","*","  75.2","*","99.99"," ","999.9","010000"
"47854099999","2021-07-03","32.083611","131.451389","78.94","NYUTABARU, JA","  81.1","24","  73.9","24","9999.9"," 0","999.9"," 0","  6.2","24","  5.8","24","  8.0","999.9","  84.2","*","  77.0","*","99.99"," ","999.9","010000"
"47854099999","2021-07-04","32.083611","131.451389","78.94","NYUTABARU, JA","  86.0","24","  72.6","24","9999.9"," 0","999.9"," 0","  6.2","24"," 11.1","24"," 17.1"," 26.0","  96.8","*","  78.8","*"," 0.00","I","999.9","000000"
"47854099999","2021-07-05","32.083611","131.451389","78.94","NYUTABARU, JA","  86.8","24","  69.3","24","9999.9"," 0","999.9"," 0","  6.2","24","  8.6","24"," 13.0","999.9","  98.6","*","  77.0","*"," 0.00","I","999.9","000000"
"47854099999","2021-07-06","32.083611","131.451389","78.94","NYUTABARU, JA","  85.7","24","  72.1","24","9999.9"," 0","999.9"," 0","  6.2","24","  8.5","24"," 12.0","999.9","  95.0","*","  80.6","*"," 0.00","I","999.9","000000"
"47854099999","2021-07-07","32.083611","131.451389","78.94","NYUTABARU, JA","  85.4","24","  72.6","24","9999.9"," 0","999.9"," 0","  6.2","24"," 10.1","24"," 15.0","999.9","  91.4","*","  80.6","*"," 0.00","I","999.9","000000"
"47854099999","2021-07-08","32.083611","131.451389","78.94","NYUTABARU, JA","  84.1","23","  73.6","23","9999.9"," 0","999.9"," 0","  6.2","23"," 10.2","23"," 17.1"," 27.0","  93.2","*","  80.6","*","99.99"," ","999.9","010010"
"47854099999","2021-07-09","32.083611","131.451389","78.94","NYUTABARU, JA","  79.6","24","  72.6","24","9999.9"," 0","999.9"," 0","  5.9","24"," 10.8","24"," 19.0"," 31.1","  93.2","*","  69.8","*","99.99"," ","999.9","010010"
"47854099999","2021-07-10","32.083611","131.451389","78.94","NYUTABARU, JA","  75.5","24","  70.1","24","9999.9"," 0","999.9"," 0","  6.2","24","  6.3","24"," 11.1","999.9","  86.0","*","  69.8","*","99.99"," ","999.9","010010"
"47854099999","2021-07-11","32.083611","131.451389","78.94","NYUTABARU, JA","  83.7","24","  71.4","24","9999.9"," 0","999.9"," 0","  6.2","24","  6.1","24","  9.9","999.9","  95.0","*","  75.2","*","99.99"," ","999.9","010000"
"47854099999","2021-07-12","32.083611","131.451389","78.94","NYUTABARU, JA","  81.3","24","  71.2","24","9999.9"," 0","999.9"," 0","  6.2","24","  6.2","24","  8.9","999.9","  89.6","*","  73.4","*","99.99"," ","999.9","010010"
"47854099999","2021-07-13","32.083611","131.451389","78.94","NYUTABARU, JA","  78.7","24","  71.2","24","9999.9"," 0","999.9"," 0","  6.2","24","  5.0","24"," 13.0"," 22.0","  87.8","*","  73.4","*","99.99"," ","999.9","010010"
"47854099999","2021-07-14","32.083611","131.451389","78.94","NYUTABARU, JA","  77.9","24","  69.3","24","9999.9"," 0","999.9"," 0","  6.1","24","  4.9","24"," 13.0","999.9","  89.6","*","  71.6","*","99.99"," ","999.9","010010"
"47854099999","2021-07-15","32.083611","131.451389","78.94","NYUTABARU, JA","  79.5","24","  71.2","24","9999.9"," 0","999.9"," 0","  6.0","24","  5.5","24","  9.9","999.9","  87.8","*","  71.6","*","99.99"," ","999.9","010010"
"47854099999","2021-07-16","32.083611","131.451389","78.94","NYUTABARU, JA","  73.4","24","  70.7","24","9999.9"," 0","999.9"," 0","  3.3","24","  7.0","24"," 15.0"," 26.0","  78.8","*","  71.6","*","99.99"," ","999.9","010010"
"47854099999","2021-07-17","32.083611","131.451389","78.94","NYUTABARU, JA","  74.3","12","  71.8","12","9999.9"," 0","999.9"," 0","  4.9","12","  4.1","12"," 12.0","999.9","  78.8","*","  71.6","*","99.99"," ","999.9","010010"
"47854099999","2021-07-18","32.083611","131.451389","78.94","NYUTABARU, JA","  78.3","24","  72.3","24","9999.9"," 0","999.9"," 0","  5.6","24","  6.5","24"," 12.0"," 22.0","  86.0","*","  73.4","*","99.99"," ","999.9","010010"
"47854099999","2021-07-19","32.083611","131.451389","78.94","NYUTABARU, JA","  79.9","24","  74.6","24","9999.9"," 0","999.9"," 0","  6.0","24","  7.6","24"," 15.0","999.9","  87.8","*","  73.4","*","99.99"," ","999.9","010000"
"47854099999","2021-07-20","32.083611","131.451389","78.94","NYUTABARU, JA","  80.4","24","  72.7","24","9999.9"," 0","999.9"," 0","  6.2","24"," 10.1","24"," 13.0"," 22.9","  86.0","*","  77.0","*","99.99"," ","999.9","010000"
"47854099999","2021-07-21","32.083611","131.451389","78.94","NYUTABARU, JA","  78.4","24","  74.4","24","9999.9"," 0","999.9"," 0","  5.2","24","  9.8","24"," 15.0"," 24.1","  84.2","*","  73.4","*","99.99"," ","999.9","010000"
"47854099999","2021-07-22","32.083611","131.451389","78.94","NYUTABARU, JA","  79.3","24","  74.7","24","9999.9"," 0","999.9"," 0","  6.2","24","  8.3","24"," 12.0","999.9","  82.4","*","  77.0","*","99.99"," ","999.9","010000"
"47854099999","2021-07-23","32.083611","131.451389","78.94","NYUTABARU, JA","  79.6","24","  74.7","24","9999.9"," 0","999.9"," 0","  5.9","24","  8.6","24"," 13.0"," 24.1","  84.2","*","  77.0","*","99.99"," ","999.9","010000"
"47854099999","2021-07-24","32.083611","131.451389","78.94","NYUTABARU, JA","  78.9","24","  75.2","24","9999.9"," 0","999.9"," 0","  5.0","24","  8.0","24"," 18.1","999.9","  86.0","*","  75.2","*","99.99"," ","999.9","010000"
"47854099999","2021-07-25","32.083611","131.451389","78.94","NYUTABARU, JA","  80.8","24","  73.0","24","9999.9"," 0","999.9"," 0","  6.2","24","  5.6","24"," 12.0","999.9","  86.0","*","  77.0","*","99.99"," ","999.9","010000"
"47854099999","2021-07-26","32.083611","131.451389","78.94","NYUTABARU, JA","  79.9","24","  71.6","24","9999.9"," 0","999.9"," 0","  6.2","24","  5.7","24","  8.9","999.9","  86.0","*","  73.4","*","99.99"," ","999.9","010000"
"47854099999","2021-07-27","32.083611","131.451389","78.94","NYUTABARU, JA","  83.5","24","  68.7","24","9999.9"," 0","999.9"," 0","  6.2","24","  4.8","24","  7.0","999.9","  91.4","*","  75.2","*"," 0.00","I","999.9","000000"
"47854099999","2021-07-28","32.083611","131.451389","78.94","NYUTABARU, JA","  82.2","24","  70.7","24","9999.9"," 0","999.9"," 0","  6.2","24","  4.6","24","  8.0","999.9","  89.6","*","  73.4","*"," 0.00","I","999.9","000000"
"47854099999","2021-07-29","32.083611","131.451389","78.94","NYUTABARU, JA","  82.3","24","  71.4","24","9999.9"," 0","999.9"," 0","  6.2","24","  4.2","24","  8.0","999.9","  87.8","*","  75.2","*"," 0.00","I","999.9","000000"
"47854099999","2021-07-30","32.083611","131.451389","78.94","NYUTABARU, JA","  83.9","24","  72.1","24","9999.9"," 0","999.9"," 0","  6.2","24","  4.4","24","  8.0","999.9","  91.4","*","  77.0","*"," 0.00","I","999.9","000000"
"47854099999","2021-07-31","32.083611","131.451389","78.94","NYUTABARU, JA","  83.8","24","  72.5","24","9999.9"," 0","999.9"," 0","  5.7","24","  4.5","24","  8.9","999.9","  89.6","*","  77.0","*","99.99"," ","999.9","010000"
"47854099999","2021-08-01","32.083611","131.451389","78.94","NYUTABARU, JA","  81.1","24","  74.7","24","9999.9"," 0","999.9"," 0","  5.2","24","  2.6","24","  8.0","999.9","  87.8","*","  77.0","*","99.99"," ","999.9","010000"
"47854099999","2021-08-02","32.083611","131.451389","78.94","NYUTABARU, JA","  83.0","24","  74.3","24","9999.9"," 0","999.9"," 0","  6.2","24","  4.6","24","  8.9","999.9","  89.6","*","  77.0","*","99.99"," ","999.9","010000"
"47854099999","2021-08-03","32.083611","131.451389","78.94","NYUTABARU, JA","  83.9","24","  74.7","24","9999.9"," 0","999.9"," 0","  6.2","24","  4.6","24","  9.9","999.9","  89.6","*","  78.8","*","99.99"," ","999.9","010000"
"47854099999","2021-08-04","32.083611","131.451389","78.94","NYUTABARU, JA","  82.8","24","  74.9","24","9999.9"," 0","999.9"," 0","  6.2","24","  5.1","24","  9.9","999.9","  89.6","*","  77.0","*","99.99"," ","999.9","010000"
"47854099999","2021-08-05","32.083611","131.451389","78.94","NYUTABARU, JA","  83.2","24","  70.6","24","9999.9"," 0","999.9"," 0","  6.2","24","  5.9","24","  9.9","999.9","  89.6","*","  75.2","*"," 0.00","I","999.9","000000"
"47854099999","2021-08-06","32.083611","131.451389","78.94","NYUTABARU, JA","  81.4","24","  75.4","24","9999.9"," 0","999.9"," 0","  4.4","24","  7.4","24"," 15.0"," 27.0","  89.6","*","  77.0","*","99.99"," ","999.9","010010"
"47854099999","2021-08-07","32.083611","131.451389","78.94","NYUTABARU, JA","  81.1","23","  75.2","23","9999.9"," 0","999.9"," 0","  5.7","23","  5.0","23","  9.9","999.9","  89.6","*","  77.0","*","99.99"," ","999.9","010000"
"47854099999","2021-08-08","32.083611","131.451389","78.94","NYUTABARU, JA","  80.2","24","  76.0","24","9999.9"," 0","999.9"," 0","  4.4","24"," 11.3","24"," 29.9"," 45.1","  86.0","*","  75.2","*","99.99"," ","999.9","010010"
"47854099999","2021-08-09","32.083611","131.451389","78.94","NYUTABARU, JA","  84.5","24","  69.9","24","9999.9"," 0","999.9"," 0","  6.2","24","  8.7","24"," 21.0"," 28.0","  95.0","*","  75.2","*"," 0.00","I","999.9","000000"
"47854099999","2021-08-10","32.083611","131.451389","78.94","NYUTABARU, JA","  81.6","24","  70.7","24","9999.9"," 0","999.9"," 0","  6.0","24","  4.6","24","  8.9","999.9","  89.6","*","  71.6","*","99.99"," ","999.9","010000"
"47854099999","2021-08-11","32.083611","131.451389","78.94","NYUTABARU, JA","  73.3","24","  71.5","24","9999.9"," 0","999.9"," 0","  3.1","24","  3.1","24","  8.9","999.9","  77.0","*","  69.8","*","99.99"," ","999.9","010010"
"47854099999","2021-08-12","32.083611","131.451389","78.94","NYUTABARU, JA","  78.0","24","  75.9","24","9999.9"," 0","999.9"," 0","  5.6","24","  3.8","24"," 11.1","999.9","  80.6","*","  75.2","*","99.99"," ","999.9","010010"
"47854099999","2021-08-13","32.083611","131.451389","78.94","NYUTABARU, JA","  77.5","24","  75.5","24","9999.9"," 0","999.9"," 0","  4.6","24","  5.6","24"," 12.0"," 22.9","  78.8","*","  77.0","*","99.99"," ","999.9","010010"
"47854099999","2021-08-14","32.083611","131.451389","78.94","NYUTABARU, JA","  78.1","24","  75.5","24","9999.9"," 0","999.9"," 0","  4.6","24","  8.4","24"," 11.1"," 20.0","  80.6","*","  77.0","*","99.99"," ","999.9","010010"
"47854099999","2021-08-15","32.083611","131.451389","78.94","NYUTABARU, JA","  76.1","24","  74.1","24","9999.9"," 0","999.9"," 0","  4.3","24","  3.5","24","  6.0","999.9","  80.6","*","  73.4","*","99.99"," ","999.9","010000"
"47854099999","2021-08-16","32.083611","131.451389","78.94","NYUTABARU, JA","  74.5","24","  72.2","24","9999.9"," 0","999.9"," 0","  4.3","24","  3.0","24","  7.0","999.9","  77.0","*","  73.4","*","99.99"," ","999.9","010000"
"47854099999","2021-08-17","32.083611","131.451389","78.94","NYUTABARU, JA","  75.7","24","  73.4","24","9999.9"," 0","999.9"," 0","  4.5","24","  6.3","24","  9.9","999.9","  77.0","*","  73.4","*","99.99"," ","999.9","010010"
"47854099999","2021-08-18","32.083611","131.451389","78.94","NYUTABARU, JA","  73.3","24","  71.7","24","9999.9"," 0","999.9"," 0","  5.2","24","  4.0","24"," 13.0"," 22.9","  77.0","*","  69.8","*","99.99"," ","999.9","010010"
"47854099999","2021-08-19","32.083611","131.451389","78.94","NYUTABARU, JA","  78.3","24","  71.6","24","9999.9"," 0","999.9"," 0","  6.1","24","  5.1","24"," 12.0","999.9","  86.0","*","  73.4","*","99.99"," ","999.9","010010"
"47854099999","2021-08-20","32.083611","131.451389","78.94","NYUTABARU, JA","  73.2","24","  70.4","24","9999.9"," 0","999.9"," 0","  5.7","24","  3.4","24","  7.0","999.9","  78.8","*","  69.8","*","99.99"," ","999.9","010010"
"47854099999","2021-08-21","32.083611","131.451389","78.94","NYUTABARU, JA","  79.2","24","  74.8","24","9999.9"," 0","999.9"," 0","  6.0","24","  6.4","24"," 12.0","999.9","  86.0","*","  75.2","*","99.99"," ","999.9","010010"
"47854099999","2021-08-22","32.083611","131.451389","78.94","NYUTABARU, JA","  82.5","24","  75.7","24","9999.9"," 0","999.9"," 0","  6.2","24","  5.2","24"," 11.1","999.9","  89.6","*","  77.0","*","99.99"," ","999.9","010000"
"47854099999","2021-08-23","32.083611","131.451389","78.94","NYUTABARU, JA","  82.0","24","  75.4","24","9999.9"," 0","999.9"," 0","  6.2","24","  5.7","24"," 11.1","999.9","  87.8","*","  77.0","*","99.99"," ","999.9","010000"
"47854099999","2021-08-24","32.083611","131.451389","78.94","NYUTABARU, JA","  82.2","24","  74.8","24","9999.9"," 0","999.9"," 0","  6.0","24","  8.8","24"," 21.0"," 31.1","  89.6","*","  75.2","*","99.99"," ","999.9","010010"
"47854099999","2021-08-25","32.083611","131.451389","78.94","NYUTABARU, JA","  84.9","24","  72.7","24","9999.9"," 0","999.9"," 0","  6.2","24","  9.2","24"," 14.0","999.9","  95.0","*","  75.2","*"," 0.00","I","999.9","000000"
"47854099999","2021-08-26","32.083611","131.451389","78.94","NYUTABARU, JA","  85.1","23","  72.9","23","9999.9"," 0","999.9"," 0","  6.2","23","  6.3","23","  8.9","999.9","  95.0","*","  77.0","*"," 0.00","I","999.9","000000"
"47854099999","2021-08-27","32.083611","131.451389","78.94","NYUTABARU, JA","  83.2","24","  71.2","24","9999.9"," 0","999.9"," 0","  6.2","24","  5.5","24","  8.9","999.9","  91.4","*","  73.4","*"," 0.00","I","999.9","000000"
"47854099999","2021-08-28","32.083611","131.451389","78.94","NYUTABARU, JA","  81.6","24","  71.2","24","9999.9"," 0","999.9"," 0","  6.2","24","  4.7","24","  8.0","999.9","  91.4","*","  75.2","*"," 0.00","I","999.9","000000"
"47854099999","2021-08-29","32.083611","131.451389","78.94","NYUTABARU, JA","  81.9","24","  72.1","24","9999.9"," 0","999.9"," 0","  6.2","24","  4.1","24","  8.0","999.9","  87.8","*","  75.2","*"," 0.00","I","999.9","000000"
"47854099999","2021-08-30","32.083611","131.451389","78.94","NYUTABARU, JA","  83.2","24","  72.4","24","9999.9"," 0","999.9"," 0","  6.2","24","  4.8","24","  7.0","999.9","  89.6","*","  77.0","*"," 0.00","I","999.9","000000"
"47854099999","2021-08-31","32.083611","131.451389","78.94","NYUTABARU, JA","  83.2","24","  72.4","24","9999.9"," 0","999.9"," 0","  6.2","24","  5.3","24","  8.0","999.9","  91.4","*","  77.0","*"," 0.00","I","999.9","000000"
"47854099999","2021-09-01","32.083611","131.451389","78.94","NYUTABARU, JA","  83.5","24","  67.6","24","9999.9"," 0","999.9"," 0","  6.2","24","  6.9","24"," 12.0","999.9","  96.8","*","  73.4","*"," 0.00","I","999.9","000000"
"47854099999","2021-09-02","32.083611","131.451389","78.94","NYUTABARU, JA","  83.5","24","  70.8","24","9999.9"," 0","999.9"," 0","  6.2","24","  5.6","24","  9.9","999.9","  95.0","*","  77.0","*"," 0.00","I","999.9","000000"
"47854099999","2021-09-03","32.083611","131.451389","78.94","NYUTABARU, JA","  82.5","24","  69.9","24","9999.9"," 0","999.9"," 0","  6.2","24","  6.4","24","  9.9","999.9","  89.6","*","  75.2","*"," 0.00","I","999.9","000000"
"47854099999","2021-09-04","32.083611","131.451389","78.94","NYUTABARU, JA","  80.8","24","  73.2","24","9999.9"," 0","999.9"," 0","  6.2","24","  3.9","24"," 11.1","999.9","  89.6","*","  77.0","*","99.99"," ","999.9","010000"
"47854099999","2021-09-05","32.083611","131.451389","78.94","NYUTABARU, JA","  78.9","24","  71.1","24","9999.9"," 0","999.9"," 0","  6.2","24","  3.1","24","  6.0","999.9","  84.2","*","  75.2","*","99.99"," ","999.9","010000"
"47854099999","2021-09-06","32.083611","131.451389","78.94","NYUTABARU, JA","  78.6","24","  67.6","24","9999.9"," 0","999.9"," 0","  6.2","24","  3.4","24","  7.0","999.9","  87.8","*","  73.4","*","99.99"," ","999.9","010000"
"47854099999","2021-09-07","32.083611","131.451389","78.94","NYUTABARU, JA","  79.9","24","  70.9","24","9999.9"," 0","999.9"," 0","  6.2","24","  3.8","24","  6.0","999.9","  86.0","*","  75.2","*","99.99"," ","999.9","010000"
"47854099999","2021-09-08","32.083611","131.451389","78.94","NYUTABARU, JA","  80.3","24","  73.2","24","9999.9"," 0","999.9"," 0","  6.2","24","  4.5","24","  9.9","999.9","  87.8","*","  73.4","*","99.99"," ","999.9","010000"
"47854099999","2021-09-09","32.083611","131.451389","78.94","NYUTABARU, JA","  79.5","24","  69.0","24","9999.9"," 0","999.9"," 0","  6.2","24","  4.7","24","  8.0","999.9","  87.8","*","  71.6","*"," 0.00","I","999.9","000000"
"47854099999","2021-09-10","32.083611","131.451389","78.94","NYUTABARU, JA","  79.9","23","  69.3","23","9999.9"," 0","999.9"," 0","  6.2","23","  4.3","23","  7.0","999.9","  87.8","*","  73.4","*"," 0.00","I","999.9","000000"
"47854099999","2021-09-11","32.083611","131.451389","78.94","NYUTABARU, JA","  78.0","24","  71.6","24","9999.9"," 0","999.9"," 0","  4.5","24","  4.2","24","  7.0","999.9","  86.0","*","  73.4","*","99.99"," ","999.9","010000"
"47854099999","2021-09-12","32.083611","131.451389","78.94","NYUTABARU, JA","  74.2","24","  71.5","24","9999.9"," 0","999.9"," 0","  5.6","24","  3.0","24","  7.0","999.9","  77.0","*","  73.4","*","99.99"," ","999.9","010000"
"47854099999","2021-09-13","32.083611","131.451389","78.94","NYUTABARU, JA","  75.3","24","  71.5","24","9999.9"," 0","999.9"," 0","  4.6","24","  6.9","24"," 11.1","999.9","  82.4","*","  69.8","*","99.99"," ","999.9","010000"
"47854099999","2021-09-14","32.083611","131.451389","78.94","NYUTABARU, JA","  72.4","24","  70.2","24","9999.9"," 0","999.9"," 0","  3.8","24","  8.3","24"," 11.1","999.9","  75.2","*","  71.6","*","99.99"," ","999.9","010000"
"47854099999","2021-09-15","32.083611","131.451389","78.94","NYUTABARU, JA","  76.4","24","  72.0","24","9999.9"," 0","999.9"," 0","  4.6","24","  6.8","24","  9.9","999.9","  82.4","*","  73.4","*","99.99"," ","999.9","010000"
"47854099999","2021-09-16","32.083611","131.451389","78.94","NYUTABARU, JA","  76.2","24","  74.6","24","9999.9"," 0","999.9"," 0","  3.7","24","  5.8","24"," 12.0","999.9","  80.6","*","  73.4","*","99.99"," ","999.9","010010"
"47854099999","2021-09-17","32.083611","131.451389","78.94","NYUTABARU, JA","  79.3","24","  72.3","24","9999.9"," 0","999.9"," 0","  6.1","24"," 11.0","24"," 21.0"," 31.1","  89.6","*","  73.4","*","99.99"," ","999.9","010010"
"47854099999","2021-09-18","32.083611","131.451389","78.94","NYUTABARU, JA","  80.8","24","  69.4","24","9999.9"," 0","999.9"," 0","  6.2","24","  4.1","24","  9.9","999.9","  89.6","*","  73.4","*"," 0.00","I","999.9","000000"
"47854099999","2021-09-19","32.083611","131.451389","78.94","NYUTABARU, JA","  77.3","24","  66.4","24","9999.9"," 0","999.9"," 0","  6.2","24","  4.0","24","  8.0","999.9","  84.2","*","  69.8","*"," 0.00","I","999.9","000000"
"47854099999","2021-09-20","32.083611","131.451389","78.94","NYUTABARU, JA","  79.4","24","  70.5","24","9999.9"," 0","999.9"," 0","  5.3","24","  6.5","24","  9.9","999.9","  86.0","*","  73.4","*","99.99"," ","999.9","010000"
"47854099999","2021-09-21","32.083611","131.451389","78.94","NYUTABARU, JA","  79.2","24","  72.7","24","9999.9"," 0","999.9"," 0","  6.0","24","  4.5","24","  8.0","999.9","  86.0","*","  75.2","*","99.99"," ","999.9","010000"
"47854099999","2021-09-22","32.083611","131.451389","78.94","NYUTABARU, JA","  78.7","24","  64.6","24","9999.9"," 0","999.9"," 0","  6.2","24","  6.8","24","  9.9","999.9","  93.2","*","  66.2","*"," 0.00","I","999.9","000000"
"47854099999","2021-09-23","32.083611","131.451389","78.94","NYUTABARU, JA","  78.1","24","  64.9","24","9999.9"," 0","999.9"," 0","  6.2","24","  4.3","24","  8.0","999.9","  91.4","*","  69.8","*"," 0.00","I","999.9","000000"
"47854099999","2021-09-24","32.083611","131.451389","78.94","NYUTABARU, JA","  75.4","24","  62.5","24","9999.9"," 0","999.9"," 0","  6.2","24","  4.4","24","  8.0","999.9","  84.2","*","  68.0","*"," 0.00","I","999.9","000000"
"47854099999","2021-09-25","32.083611","131.451389","78.94","NYUTABARU, JA","  76.2","24","  66.7","24","9999.9"," 0","999.9"," 0","  6.2","24","  5.5","24","  9.9","999.9","  84.2","*","  69.8","*","99.99"," ","999.9","010000"
"47854099999","2021-09-26","32.083611","131.451389","78.94","NYUTABARU, JA","  77.6","24","  65.5","24","9999.9"," 0","999.9"," 0","  6.2","24","  5.4","24","  9.9","999.9","  84.2","*","  69.8","*","99.99"," ","999.9","010000"
"47854099999","2021-09-27","32.083611","131.451389","78.94","NYUTABARU, JA","  74.5","24","  69.9","24","9999.9"," 0","999.9"," 0","  4.2","24","  9.3","24"," 11.1","999.9","  78.8","*","  71.6","*","99.99"," ","999.9","010000"
"47854099999","2021-09-28","32.083611","131.451389","78.94","NYUTABARU, JA","  75.9","24","  71.5","24","9999.9"," 0","999.9"," 0","  5.9","24","  7.2","24"," 11.1"," 20.0","  80.6","*","  71.6","*","99.99"," ","999.9","010000"
"47854099999","2021-09-29","32.083611","131.451389","78.94","NYUTABARU, JA","  77.7","24","  70.9","24","9999.9"," 0","999.9"," 0","  6.0","24","  7.0","24"," 12.0","999.9","  84.2","*","  73.4","*","99.99"," ","999.9","010000"
"47854099999","2021-09-30","32.083611","131.451389","78.94","NYUTABARU, JA","  77.8","24","  66.6","24","9999.9"," 0","999.9"," 0","  6.2","24","  6.6","24"," 11.1","999.9","  86.0","*","  69.8","*"," 0.00","I","999.9","000000"
"47854099999","2021-10-01","32.083611","131.451389","78.94","NYUTABARU, JA","  76.5","24","  64.2","24","9999.9"," 0","999.9"," 0","  6.2","24","  5.3","24","  8.9","999.9","  87.8","*","  66.2","*"," 0.00","I","999.9","000000"
"47854099999","2021-10-02","32.083611","131.451389","78.94","NYUTABARU, JA","  74.6","24","  60.6","24","9999.9"," 0","999.9"," 0","  6.2","24","  4.8","24","  8.0","999.9","  84.2","*","  64.4","*"," 0.00","I","999.9","000000"
"47854099999","2021-10-03","32.083611","131.451389","78.94","NYUTABARU, JA","  76.2","24","  65.4","24","9999.9"," 0","999.9"," 0","  6.2","24","  4.9","24","  7.0","999.9","  84.2","*","  68.0","*"," 0.00","I","999.9","000000"
"47854099999","2021-10-04","32.083611","131.451389","78.94","NYUTABARU, JA","  78.4","24","  65.5","24","9999.9"," 0","999.9"," 0","  6.2","24","  5.3","24"," 11.1","999.9","  86.0","*","  71.6","*","99.99"," ","999.9","010000"
"47854099999","2021-10-05","32.083611","131.451389","78.94","NYUTABARU, JA","  77.6","24","  63.4","24","9999.9"," 0","999.9"," 0","  6.2","24","  4.7","24","  8.9","999.9","  86.0","*","  68.0","*"," 0.00","I","999.9","000000"
"47854099999","2021-10-06","32.083611","131.451389","78.94","NYUTABARU, JA","  75.2","24","  62.0","24","9999.9"," 0","999.9"," 0","  6.2","24","  5.3","24","  8.9","999.9","  84.2","*","  68.0","*"," 0.00","I","999.9","000000"
"47854099999","2021-10-07","32.083611","131.451389","78.94","NYUTABARU, JA","  77.9","24","  66.0","24","9999.9"," 0","999.9"," 0","  6.2","24","  4.0","24","  8.0","999.9","  84.2","*","  73.4","*","99.99"," ","999.9","010000"
"47854099999","2021-10-08","32.083611","131.451389","78.94","NYUTABARU, JA","  79.1","24","  66.9","24","9999.9"," 0","999.9"," 0","  6.2","24","  5.1","24","  8.0","999.9","  86.0","*","  75.2","*"," 0.00","I","999.9","000000"
"47854099999","2021-10-09","32.083611","131.451389","78.94","NYUTABARU, JA","  76.9","24","  70.3","24","9999.9"," 0","999.9"," 0","  5.6","24","  7.3","24"," 12.0"," 20.0","  84.2","*","  73.4","*","99.99"," ","999.9","010000"
"47854099999","2021-10-10","32.083611","131.451389","78.94","NYUTABARU, JA","  78.1","24","  70.2","24","9999.9"," 0","999.9"," 0","  5.4","24","  5.6","24"," 12.0","999.9","  84.2","*","  73.4","*","99.99"," ","999.9","010000"
"47854099999","2021-10-11","32.083611","131.451389","78.94","NYUTABARU, JA","  78.6","24","  72.4","24","9999.9"," 0","999.9"," 0","  6.2","24","  3.9","24","  7.0","999.9","  86.0","*","  73.4","*","99.99"," ","999.9","010000"
"47854099999","2021-10-12","32.083611","131.451389","78.94","NYUTABARU, JA","  78.9","24","  72.0","24","9999.9"," 0","999.9"," 0","  6.0","24","  4.6","24","  8.0","999.9","  86.0","*","  73.4","*","99.99"," ","999.9","010000"
"47854099999","2021-10-13","32.083611","131.451389","78.94","NYUTABARU, JA","  77.2","24","  70.9","24","9999.9"," 0","999.9"," 0","  6.2","24","  4.3","24","  8.0","999.9","  86.0","*","  71.6","*","99.99"," ","999.9","010000"
"47854099999","2021-10-14","32.083611","131.451389","78.94","NYUTABARU, JA","  76.2","24","  67.8","24","9999.9"," 0","999.9"," 0","  6.2","24","  3.7","24","  8.0","999.9","  84.2","*","  69.8","*"," 0.00","I","999.9","000000"
"47854099999","2021-10-15","32.083611","131.451389","78.94","NYUTABARU, JA","  75.1","24","  63.2","24","9999.9"," 0","999.9"," 0","  6.2","24","  5.1","24","  8.0","999.9","  84.2","*","  69.8","*"," 0.00","I","999.9","000000"
"47854099999","2021-10-16","32.083611","131.451389","78.94","NYUTABARU, JA","  76.7","24","  63.9","24","9999.9"," 0","999.9"," 0","  6.2","24","  4.6","24","  9.9","999.9","  86.0","*","  68.0","*","99.99"," ","999.9","010000"
"47854099999","2021-10-17","32.083611","131.451389","78.94","NYUTABARU, JA","  65.8","24","  44.8","24","9999.9"," 0","999.9"," 0","  6.2","24","  5.9","24","  9.9","999.9","  78.8","*","  57.2","*"," 0.00","I","999.9","000000"
"47854099999","2021-10-18","32.083611","131.451389","78.94","NYUTABARU, JA","  64.4","24","  49.3","24","9999.9"," 0","999.9"," 0","  6.2","24","  4.8","24"," 11.1","999.9","  71.6","*","  59.0","*","99.99"," ","999.9","010000"
"47854099999","2021-10-19","32.083611","131.451389","78.94","NYUTABARU, JA","  65.7","24","  48.1","24","9999.9"," 0","999.9"," 0","  6.2","24","  5.2","24","  9.9","999.9","  78.8","*","  55.4","*"," 0.00","I","999.9","000000"
"47854099999","2021-10-20","32.083611","131.451389","78.94","NYUTABARU, JA","  62.8","24","  45.8","24","9999.9"," 0","999.9"," 0","  6.2","24","  4.5","24","  8.9","999.9","  71.6","*","  59.0","*","99.99"," ","999.9","010000"
"47854099999","2021-10-21","32.083611","131.451389","78.94","NYUTABARU, JA","  57.3","24","  52.5","24","9999.9"," 0","999.9"," 0","  6.1","24","  4.6","24","  8.9"," 18.1","  60.8","*","  55.4","*","99.99"," ","999.9","010000"
"47854099999","2021-10-22","32.083611","131.451389","78.94","NYUTABARU, JA","  62.8","24","  45.7","24","9999.9"," 0","999.9"," 0","  6.2","24","  5.1","24","  9.9","999.9","  73.4","*","  53.6","*","99.99"," ","999.9","010000"
"47854099999","2021-10-23","32.083611","131.451389","78.94","NYUTABARU, JA","  61.4","24","  42.9","24","9999.9"," 0","999.9"," 0","  6.2","24","  7.7","24"," 13.0"," 19.0","  71.6","*","  51.8","*"," 0.00","I","999.9","000000"
"47854099999","2021-10-24","32.083611","131.451389","78.94","NYUTABARU, JA","  63.3","24","  49.8","24","9999.9"," 0","999.9"," 0","  6.2","24","  4.8","24","  7.0","999.9","  69.8","*","  60.8","*","99.99"," ","999.9","010000"
"47854099999","2021-10-25","32.083611","131.451389","78.94","NYUTABARU, JA","  56.4","24","  51.8","24","9999.9"," 0","999.9"," 0","  5.7","24","  5.6","24","  8.9","999.9","  64.4","*","  50.0","*","99.99"," ","999.9","010000"
"47854099999","2021-10-26","32.083611","131.451389","78.94","NYUTABARU, JA","  62.7","24","  47.6","24","9999.9"," 0","999.9"," 0","  6.2","24","  5.2","24","  8.0","999.9","  75.2","*","  55.4","*"," 0.00","I","999.9","000000"
"47854099999","2021-10-27","32.083611","131.451389","78.94","NYUTABARU, JA","  63.4","24","  48.6","24","9999.9"," 0","999.9"," 0","  6.2","24","  5.6","24","  8.9","999.9","  75.2","*","  53.6","*"," 0.00","I","999.9","000000"
"47854099999","2021-10-28","32.083611","131.451389","78.94","NYUTABARU, JA","  63.7","24","  46.6","24","9999.9"," 0","999.9"," 0","  6.2","24","  3.8","24","  6.0","999.9","  75.2","*","  53.6","*"," 0.00","I","999.9","000000"
"47854099999","2021-10-29","32.083611","131.451389","78.94","NYUTABARU, JA","  62.2","24","  45.5","24","9999.9"," 0","999.9"," 0","  6.2","24","  5.0","24","  8.0","999.9","  73.4","*","  53.6","*"," 0.00","I","999.9","000000"
"47854099999","2021-10-30","32.083611","131.451389","78.94","NYUTABARU, JA","  66.4","24","  56.4","24","9999.9"," 0","999.9"," 0","  6.1","24","  4.9","24","  7.0","999.9","  75.2","*","  60.8","*","99.99"," ","999.9","010010"
"47854099999","2021-10-31","32.083611","131.451389","78.94","NYUTABARU, JA","  65.3","23","  56.5","23","9999.9"," 0","999.9"," 0","  6.2","23","  6.2","23"," 11.1","999.9","  73.4","*","  59.0","*"," 0.00","I","999.9","000000"
"47854099999","2021-11-01","32.083611","131.451389","78.94","NYUTABARU, JA","  65.2","24","  52.5","24","9999.9"," 0","999.9"," 0","  6.2","24","  5.6","24","  8.9","999.9","  75.2","*","  55.4","*","99.99"," ","999.9","010000"
"47854099999","2021-11-02","32.083611","131.451389","78.94","NYUTABARU, JA","  63.4","24","  46.1","24","9999.9"," 0","999.9"," 0","  6.2","24","  5.2","24","  8.0","999.9","  73.4","*","  55.4","*"," 0.00","I","999.9","000000"
"47854099999","2021-11-03","32.083611","131.451389","78.94","NYUTABARU, JA","  63.3","24","  48.7","24","9999.9"," 0","999.9"," 0","  6.2","24","  5.0","24","  8.9","999.9","  73.4","*","  55.4","*"," 0.00","I","999.9","000000"
"47854099999","2021-11-04","32.083611","131.451389","78.94","NYUTABARU, JA","  62.8","24","  46.3","24","9999.9"," 0","999.9"," 0","  6.2","24","  5.0","24","  8.0","999.9","  75.2","*","  51.8","*"," 0.00","I","999.9","000000"
"47854099999","2021-11-05","32.083611","131.451389","78.94","NYUTABARU, JA","  63.0","24","  45.8","24","9999.9"," 0","999.9"," 0","  6.2","24","  5.3","24"," 11.1","999.9","  71.6","*","  57.2","*","99.99"," ","999.9","010000"
"47854099999","2021-11-06","32.083611","131.451389","78.94","NYUTABARU, JA","  61.0","24","  55.2","24","9999.9"," 0","999.9"," 0","  6.2","24","  5.1","24","  9.9","999.9","  64.4","*","  59.0","*","99.99"," ","999.9","010000"
"47854099999","2021-11-07","32.083611","131.451389","78.94","NYUTABARU, JA","  66.1","24","  55.1","24","9999.9"," 0","999.9"," 0","  6.2","24","  6.8","24"," 14.0","999.9","  71.6","*","  60.8","*","99.99"," ","999.9","010000"
"47854099999","2021-11-08","32.083611","131.451389","78.94","NYUTABARU, JA","  62.5","24","  57.4","24","9999.9"," 0","999.9"," 0","  5.3","24","  7.8","24"," 17.1"," 20.0","  68.0","*","  53.6","*","99.99"," ","999.9","010000"
"47854099999","2021-11-09","32.083611","131.451389","78.94","NYUTABARU, JA","  56.1","24","  42.9","24","9999.9"," 0","999.9"," 0","  6.2","24","  7.7","24"," 17.1"," 27.0","  66.2","*","  50.0","*"," 0.00","I","999.9","000000"
"47854099999","2021-11-10","32.083611","131.451389","78.94","NYUTABARU, JA","  55.8","24","  44.3","24","9999.9"," 0","999.9"," 0","  6.2","24","  8.4","24"," 20.0"," 33.0","  66.2","*","  50.0","*","99.99"," ","999.9","010000"
"47854099999","2021-11-11","32.083611","131.451389","78.94","NYUTABARU, JA","  56.4","24","  44.4","24","9999.9"," 0","999.9"," 0","  6.2","24","  6.9","24"," 15.0"," 24.1","  68.0","*","  48.2","*","99.99"," ","999.9","010000"
"47854099999","2021-11-12","32.083611","131.451389","78.94","NYUTABARU, JA","  52.7","24","  39.4","24","9999.9"," 0","999.9"," 0","  6.2","24","  7.7","24"," 15.0","999.9","  66.2","*","  44.6","*"," 0.00","I","999.9","000000"
"47854099999","2021-11-13","32.083611","131.451389","78.94","NYUTABARU, JA","  56.7","24","  43.3","24","9999.9"," 0","999.9"," 0","  6.2","24","  5.0","24","  7.0","999.9","  64.4","*","  51.8","*","99.99"," ","999.9","010000"
"47854099999","2021-11-14","32.083611","131.451389","78.94","NYUTABARU, JA","  58.1","24","  45.1","24","9999.9"," 0","999.9"," 0","  6.2","24","  6.3","24"," 12.0","999.9","  71.6","*","  50.0","*"," 0.00","I","999.9","000000"
"47854099999","2021-11-15","32.083611","131.451389","78.94","NYUTABARU, JA","  58.3","24","  42.6","24","9999.9"," 0","999.9"," 0","  6.2","24","  6.2","24","  8.9","999.9","  69.8","*","  50.0","*"," 0.00","I","999.9","000000"
"47854099999","2021-11-16","32.083611","131.451389","78.94","NYUTABARU, JA","  60.1","24","  47.9","24","9999.9"," 0","999.9"," 0","  6.2","24","  3.9","24","  8.0","999.9","  69.8","*","  51.8","*"," 0.00","I","999.9","000000"
"47854099999","2021-11-17","32.083611","131.451389","78.94","NYUTABARU, JA","  60.6","24","  42.3","24","9999.9"," 0","999.9"," 0","  6.2","24","  4.7","24","  8.0","999.9","  69.8","*","  55.4","*"," 0.00","I","999.9","000000"
"47854099999","2021-11-18","32.083611","131.451389","78.94","NYUTABARU, JA","  56.3","10","  49.3","10","9999.9"," 0","999.9"," 0","  6.2","10","  4.0","10","  5.1","999.9","  59.0","*","  53.6","*"," 0.00","I","999.9","000000"
"47854099999","2021-11-19","32.083611","131.451389","78.94","NYUTABARU, JA","  58.0","24","  42.8","24","9999.9"," 0","999.9"," 0","  6.2","24","  5.6","24","  8.9","999.9","  69.8","*","  48.2","*"," 0.00","I","999.9","000000"
"47854099999","2021-11-20","32.083611","131.451389","78.94","NYUTABARU, JA","  59.5","23","  45.1","23","9999.9"," 0","999.9"," 0","  6.2","23","  5.4","23","  8.9","999.9","  69.8","*","  51.8","*"," 0.00","I","999.9","000000"
"47854099999","2021-11-21","32.083611","131.451389","78.94","NYUTABARU, JA","  63.5","24","  54.9","24","9999.9"," 0","999.9"," 0","  5.6","24","  4.0","24","  7.0","999.9","  71.6","*","  57.2","*","99.99"," ","999.9","110000"
"47854099999","2021-11-22","32.083611","131.451389","78.94","NYUTABARU, JA","  55.4","24","  44.4","24","9999.9"," 0","999.9"," 0","  6.0","24","  9.0","24"," 15.0","999.9","  64.4","*","  44.6","*","99.99"," ","999.9","010000"
"47854099999","2021-11-23","32.083611","131.451389","78.94","NYUTABARU, JA","  51.6","24","  35.5","24","9999.9"," 0","999.9"," 0","  6.2","24","  9.0","24"," 24.1"," 33.0","  60.8","*","  42.8","*"," 0.00","I","999.9","000000"
"47854099999","2021-11-24","32.083611","131.451389","78.94","NYUTABARU, JA","  52.3","24","  37.6","24","9999.9"," 0","999.9"," 0","  6.2","24","  7.4","24"," 15.0"," 22.9","  64.4","*","  44.6","*"," 0.00","I","999.9","000000"
"47854099999","2021-11-25","32.083611","131.451389","78.94","NYUTABARU, JA","  56.4","24","  42.1","24","9999.9"," 0","999.9"," 0","  6.2","24","  6.6","24"," 15.9","999.9","  69.8","*","  48.2","*"," 0.00","I","999.9","000000"
"47854099999","2021-11-26","32.083611","131.451389","78.94","NYUTABARU, JA","  54.9","24","  37.3","24","9999.9"," 0","999.9"," 0","  6.2","24","  5.4","24","  9.9","999.9","  68.0","*","  42.8","*"," 0.00","I","999.9","000000"
"47854099999","2021-11-27","32.083611","131.451389","78.94","NYUTABARU, JA","  52.6","24","  32.4","24","9999.9"," 0","999.9"," 0","  6.2","24","  5.4","24","  8.0","999.9","  62.6","*","  42.8","*"," 0.00","I","999.9","000000"
"47854099999","2021-11-28","32.083611","131.451389","78.94","NYUTABARU, JA","  50.6","24","  35.5","24","9999.9"," 0","999.9"," 0","  6.2","24","  6.4","24","  9.9","999.9","  60.8","*","  42.8","*"," 0.00","I","999.9","000000"
"47854099999","2021-11-29","32.083611","131.451389","78.94","NYUTABARU, JA","  56.5","24","  45.5","24","9999.9"," 0","999.9"," 0","  6.2","24","  4.5","24","  7.0","999.9","  66.2","*","  51.8","*","99.99"," ","999.9","010000"
"47854099999","2021-11-30","32.083611","131.451389","78.94","NYUTABARU, JA","  57.8","24","  47.2","24","9999.9"," 0","999.9"," 0","  6.0","24","  8.2","24"," 21.0"," 32.1","  66.2","*","  48.2","*","99.99"," ","999.9","010000"
"47854099999","2021-12-01","32.083611","131.451389","78.94","NYUTABARU, JA","  47.2","24","  29.5","24","9999.9"," 0","999.9"," 0","  6.2","24","  9.1","24"," 17.1","999.9","  59.0","*","  35.6","*"," 0.00","I","999.9","000000"
"47854099999","2021-12-02","32.083611","131.451389","78.94","NYUTABARU, JA","  46.1","24","  31.5","24","9999.9"," 0","999.9"," 0","  6.2","24","  6.9","24","  9.9","999.9","  57.2","*","  39.2","*"," 0.00","I","999.9","000000"
"47854099999","2021-12-03","32.083611","131.451389","78.94","NYUTABARU, JA","  52.0","24","  34.8","24","9999.9"," 0","999.9"," 0","  6.2","24","  7.8","24"," 15.9","999.9","  62.6","*","  44.6","*"," 0.00","I","999.9","000000"
"47854099999","2021-12-04","32.083611","131.451389","78.94","NYUTABARU, JA","  46.8","24","  27.5","24","9999.9"," 0","999.9"," 0","  6.2","24","  5.9","24","  8.9","999.9","  57.2","*","  37.4","*"," 0.00","I","999.9","000000"
"47854099999","2021-12-05","32.083611","131.451389","78.94","NYUTABARU, JA","  49.6","24","  37.1","24","9999.9"," 0","999.9"," 0","  6.2","24","  5.4","24","  8.0","999.9","  59.0","*","  42.8","*"," 0.00","I","999.9","000000"
"47854099999","2021-12-06","32.083611","131.451389","78.94","NYUTABARU, JA","  52.6","24","  40.4","24","9999.9"," 0","999.9"," 0","  6.2","24","  4.9","24","  8.0","999.9","  64.4","*","  42.8","*"," 0.00","I","999.9","000000"
"47854099999","2021-12-07","32.083611","131.451389","78.94","NYUTABARU, JA","  56.8","24","  36.9","24","9999.9"," 0","999.9"," 0","  6.2","24","  4.8","24","  9.9","999.9","  66.2","*","  50.0","*"," 0.00","I","999.9","000000"
"47854099999","2021-12-08","32.083611","131.451389","78.94","NYUTABARU, JA","  52.5","24","  34.7","24","9999.9"," 0","999.9"," 0","  6.2","24","  5.3","24","  8.0","999.9","  68.0","*","  41.0","*"," 0.00","I","999.9","000000"
"47854099999","2021-12-09","32.083611","131.451389","78.94","NYUTABARU, JA","  54.4","24","  40.1","24","9999.9"," 0","999.9"," 0","  6.2","24","  4.8","24","  8.0","999.9","  64.4","*","  48.2","*","99.99"," ","999.9","010000"
"47854099999","2021-12-10","32.083611","131.451389","78.94","NYUTABARU, JA","  55.4","24","  46.0","24","9999.9"," 0","999.9"," 0","  6.2","24","  4.4","24","  8.0","999.9","  66.2","*","  48.2","*"," 0.00","I","999.9","000000"
"47854099999","2021-12-11","32.083611","131.451389","78.94","NYUTABARU, JA","  56.9","24","  48.6","24","9999.9"," 0","999.9"," 0","  6.2","24","  5.2","24","  8.0","999.9","  68.0","*","  46.4","*"," 0.00","I","999.9","000000"
"47854099999","2021-12-12","32.083611","131.451389","78.94","NYUTABARU, JA","  57.5","24","  39.8","24","9999.9"," 0","999.9"," 0","  6.2","24","  9.3","24"," 17.1","999.9","  69.8","*","  48.2","*"," 0.00","I","999.9","000000"
"47854099999","2021-12-13","32.083611","131.451389","78.94","NYUTABARU, JA","  49.9","24","  36.0","24","9999.9"," 0","999.9"," 0","  6.2","24","  5.0","24","  8.0","999.9","  59.0","*","  41.0","*"," 0.00","I","999.9","000000"
"47854099999","2021-12-14","32.083611","131.451389","78.94","NYUTABARU, JA","  50.9","24","  35.5","24","9999.9"," 0","999.9"," 0","  6.2","24","  5.7","24","  8.0","999.9","  60.8","*","  42.8","*"," 0.00","I","999.9","000000"
"47854099999","2021-12-15","32.083611","131.451389","78.94","NYUTABARU, JA","  52.3","24","  38.3","24","9999.9"," 0","999.9"," 0","  6.2","24","  5.7","24","  8.9","999.9","  62.6","*","  46.4","*"," 0.00","I","999.9","000000"
"47854099999","2021-12-16","32.083611","131.451389","78.94","NYUTABARU, JA","  55.3","24","  49.4","24","9999.9"," 0","999.9"," 0","  5.2","24","  5.0","24"," 12.0","999.9","  57.2","*","  51.8","*","99.99"," ","999.9","010010"
"47854099999","2021-12-17","32.083611","131.451389","78.94","NYUTABARU, JA","  45.3","24","  24.9","24","9999.9"," 0","999.9"," 0","  6.2","24"," 13.1","24"," 35.0"," 47.0","  60.8","*","  33.8","*"," 0.00","I","999.9","000000"
"47854099999","2021-12-18","32.083611","131.451389","78.94","NYUTABARU, JA","  40.5","24","  22.1","24","9999.9"," 0","999.9"," 0","  6.2","24","  6.7","24"," 13.0","999.9","  51.8","*","  32.0","*"," 0.00","I","999.9","000000"
"47854099999","2021-12-19","32.083611","131.451389","78.94","NYUTABARU, JA","  45.9","24","  29.5","24","9999.9"," 0","999.9"," 0","  6.2","24","  7.7","24"," 21.0"," 31.1","  57.2","*","  37.4","*"," 0.00","I","999.9","000000"
"47854099999","2021-12-20","32.083611","131.451389","78.94","NYUTABARU, JA","  48.8","24","  34.8","24","9999.9"," 0","999.9"," 0","  6.2","24","  5.1","24","  7.0","999.9","  57.2","*","  42.8","*"," 0.00","I","999.9","000000"
"47854099999","2021-12-21","32.083611","131.451389","78.94","NYUTABARU, JA","  53.4","24","  41.5","24","9999.9"," 0","999.9"," 0","  6.2","24","  5.3","24","  8.0","999.9","  60.8","*","  46.4","*"," 0.00","I","999.9","000000"
"47854099999","2021-12-22","32.083611","131.451389","78.94","NYUTABARU, JA","  53.4","24","  39.2","24","9999.9"," 0","999.9"," 0","  6.2","24","  4.6","24","  8.0","999.9","  64.4","*","  44.6","*"," 0.00","I","999.9","000000"
"47854099999","2021-12-23","32.083611","131.451389","78.94","NYUTABARU, JA","  52.7","24","  40.7","24","9999.9"," 0","999.9"," 0","  6.2","24","  4.4","24","  7.0","999.9","  62.6","*","  46.4","*"," 0.00","I","999.9","000000"
"47854099999","2021-12-24","32.083611","131.451389","78.94","NYUTABARU, JA","  52.9","24","  47.1","24","9999.9"," 0","999.9"," 0","  4.8","24","  4.1","24","  9.9","999.9","  59.0","*","  44.6","*","99.99"," ","999.9","110000"
"47854099999","2021-12-25","32.083611","131.451389","78.94","NYUTABARU, JA","  45.7","24","  24.1","24","9999.9"," 0","999.9"," 0","  6.2","24"," 11.2","24"," 17.1","999.9","  57.2","*","  35.6","*"," 0.00","I","999.9","000000"
"47854099999","2021-12-26","32.083611","131.451389","78.94","NYUTABARU, JA","  34.9","24","  14.5","24","9999.9"," 0","999.9"," 0","  6.2","24","  8.2","24"," 18.1","999.9","  46.4","*","  26.6","*"," 0.00","I","999.9","000000"
"47854099999","2021-12-27","32.083611","131.451389","78.94","NYUTABARU, JA","  38.7","24","  19.4","24","9999.9"," 0","999.9"," 0","  6.2","24","  6.2","24"," 11.1","999.9","  50.0","*","  32.0","*"," 0.00","I","999.9","000000"
"47854099999","2021-12-28","32.083611","131.451389","78.94","NYUTABARU, JA","  44.5","24","  28.5","24","9999.9"," 0","999.9"," 0","  6.2","24","  5.9","24","  9.9","999.9","  53.6","*","  37.4","*"," 0.00","I","999.9","000000"
"47854099999","2021-12-29","32.083611","131.451389","78.94","NYUTABARU, JA","  49.6","24","  37.2","24","9999.9"," 0","999.9"," 0","  6.2","24","  8.7","24"," 20.0"," 28.9","  55.4","*","  44.6","*"," 0.00","I","999.9","000000"
"47854099999","2021-12-30","32.083611","131.451389","78.94","NYUTABARU, JA","  47.7","24","  23.3","24","9999.9"," 0","999.9"," 0","  6.2","24"," 15.0","24"," 24.1"," 31.1","  55.4","*","  42.8","*"," 0.00","I","999.9","000000"
"47854099999","2021-12-31","32.083611","131.451389","78.94","NYUTABARU, JA","  41.7","24","  16.7","24","9999.9"," 0","999.9"," 0","  6.2","24"," 10.2","24"," 19.0","999.9","  53.6","*","  32.0","*"," 0.00","I","999.9","000000"
