"STATION","DATE","LATITUDE","LONGITUDE","ELEVATION","NAME","TEMP","TEMP_ATTRIBUTES","DEWP","DEWP_ATTRIBUTES","SLP","SLP_ATTRIBUTES","STP","STP_ATTRIBUTES","VISIB","VISIB_ATTRIBUTES","WDSP","WDSP_ATTRIBUTES","MXSPD","GUST","MAX","MAX_ATTRIBUTES","MIN","MIN_ATTRIBUTES","PRCP","PRCP_ATTRIBUTES","SNDP","FRSHTT"
"71743099999","2021-01-01","57.92","-72.98","171.0","RIVIERE AUX FEUILLES, CA","  -1.6","24","  -5.2","24","1017.0","24","994.1","24","999.9"," 0","  6.5","24","  9.9"," 15.0","   3.4","*","  -9.6","*"," 0.00","I","  2.0","000000"
"71743099999","2021-01-02","57.92","-72.98","171.0","RIVIERE AUX FEUILLES, CA","   0.6","24","  -2.4","24","1013.2","24","990.5","24","999.9"," 0","  4.8","24","  8.9","999.9","   3.6"," ","  -6.3"," "," 0.00","I","  2.0","000000"
"71743099999","2021-01-03","57.92","-72.98","171.0","RIVIERE AUX FEUILLES, CA","   7.4","24","   5.3","24","1005.3","24","983.0","24","999.9"," 0","  5.6","24","  8.9","999.9","  13.6"," ","  -2.4"," "," 0.00","I","  2.4","000000"
"71743099999","2021-01-04","57.92","-72.98","171.0","RIVIERE AUX FEUILLES, CA","  -5.1","24","  -8.1","24","1009.9","24","987.1","24","999.9"," 0","  3.5","24","  8.9","999.9","  13.6"," "," -22.9"," "," 0.00","I","  2.8","000000"
"71743099999","2021-01-05","57.92","-72.98","171.0","RIVIERE AUX FEUILLES, CA","  25.9","24","  24.1","23","1010.8","24","989.0","24","999.9"," 0"," 13.7","24"," 19.0"," 23.9","  28.8","*","  16.0","*"," 0.00","I","  2.0","000000"
"71743099999","2021-01-06","57.92","-72.98","171.0","RIVIERE AUX FEUILLES, CA","   7.2","24","   4.4","24","1027.7","24","005.0","24","999.9"," 0","  7.6","24"," 12.0","999.9","  24.8","*","  -8.3","*"," 0.00","I","  2.0","000000"
"71743099999","2021-01-07","57.92","-72.98","171.0","RIVIERE AUX FEUILLES, CA"," -13.8","22"," -17.2","22","1039.7","22","015.7","22","999.9"," 0","  1.8","22","  5.1","999.9","  -7.1","*"," -24.0","*"," 0.00","I","  2.0","000000"
"71743099999","2021-01-08","57.92","-72.98","171.0","RIVIERE AUX FEUILLES, CA","  -9.5","12"," -13.2","12","1030.0","12","006.5","12","999.9"," 0","  5.4","12"," 13.0","999.9","   5.2","*"," -20.6","*"," 0.00","I","  1.6","000000"
"71743099999","2021-01-09","57.92","-72.98","171.0","RIVIERE AUX FEUILLES, CA","  12.6","22","  11.1","22","1014.0","22","991.8","22","999.9"," 0","  8.7","22"," 15.0"," 18.1","  18.7","*","   6.3","*"," 0.00","I","  1.6","000000"
"71743099999","2021-01-10","57.92","-72.98","171.0","RIVIERE AUX FEUILLES, CA","   5.9","23","   2.9","23","1014.1","23","991.7","23","999.9"," 0"," 11.1","23"," 15.0"," 20.0","   9.5","*","  -0.2","*"," 0.00","I","  2.0","000000"
"71743099999","2021-01-11","57.92","-72.98","171.0","RIVIERE AUX FEUILLES, CA","  11.5","21","   8.5","21","1009.5","21","987.3","21","999.9"," 0"," 10.4","21"," 14.0"," 18.1","  16.2","*","   8.2","*"," 0.00","I","  2.4","000000"
"71743099999","2021-01-12","57.92","-72.98","171.0","RIVIERE AUX FEUILLES, CA","  14.7","23","  12.7","23","1004.2","23","982.3","23","999.9"," 0","  7.2","23"," 12.0"," 16.9","  16.9","*","  12.7","*"," 0.00","I","  2.4","000000"
"71743099999","2021-01-13","57.92","-72.98","171.0","RIVIERE AUX FEUILLES, CA","   9.6","23","   7.4","23","1003.5","23","981.4","23","999.9"," 0","  3.9","23","  8.0","999.9","  12.2","*","   8.1","*"," 0.00","I","  2.0","000000"
"71743099999","2021-01-14","57.92","-72.98","171.0","RIVIERE AUX FEUILLES, CA","  11.0","24","   8.3","24","1007.7","24","985.6","24","999.9"," 0","  3.0","24","  7.0","999.9","  16.7","*","   6.8","*"," 0.00","I","  2.0","000000"
"71743099999","2021-01-15","57.92","-72.98","171.0","RIVIERE AUX FEUILLES, CA","  15.2","24","  13.7","24","1011.2","24","989.1","24","999.9"," 0","  6.9","24"," 11.1","999.9","  17.8","*","  12.0","*"," 0.00","I","  1.6","000000"
"71743099999","2021-01-16","57.92","-72.98","171.0","RIVIERE AUX FEUILLES, CA","   5.5","24","   2.2","23","1008.1","24","985.8","24","999.9"," 0"," 10.1","24"," 15.0"," 21.0","  20.3","*","  -8.3","*"," 0.00","I","  3.9","000000"
"71743099999","2021-01-17","57.92","-72.98","171.0","RIVIERE AUX FEUILLES, CA"," -11.1","24"," -14.4","24","1013.3","24","990.1","24","999.9"," 0","  3.5","24","  7.0","999.9","  -7.1","*"," -15.3","*"," 0.00","I","  3.1","000000"
"71743099999","2021-01-18","57.92","-72.98","171.0","RIVIERE AUX FEUILLES, CA","  -3.0","24","  -5.8","24","1001.8","24","979.1","24","999.9"," 0"," 11.9","24"," 22.0"," 27.0","   0.9"," "," -15.3"," "," 0.00","I","  3.5","000000"
"71743099999","2021-01-19","57.92","-72.98","171.0","RIVIERE AUX FEUILLES, CA","  -7.8","24"," -10.9","24","1002.4","24","979.6","24","999.9"," 0"," 17.5","24"," 27.0"," 34.0","  -1.1","*"," -14.6","*"," 0.00","I","  2.0","000000"
"71743099999","2021-01-20","57.92","-72.98","171.0","RIVIERE AUX FEUILLES, CA","  -8.6","19"," -11.7","19","1015.5","19","992.4","19","999.9"," 0","  7.4","19"," 12.0","999.9","  -1.1"," "," -15.0"," "," 0.00","I","  2.0","000000"
"71743099999","2021-01-21","57.92","-72.98","171.0","RIVIERE AUX FEUILLES, CA"," -11.0"," 4"," -14.4"," 4","1011.9"," 4","988.9"," 4","999.9"," 0","  5.2"," 4","  8.0","999.9","  -5.8"," "," -14.1"," "," 0.00","I","  2.0","000000"
"71743099999","2021-01-22","57.92","-72.98","171.0","RIVIERE AUX FEUILLES, CA","  -5.6","24","  -8.4","24","1008.9","24","986.0","24","999.9"," 0","  4.1","24","  7.0","999.9","  -0.0","*"," -16.4","*"," 0.00","I","  2.8","000000"
"71743099999","2021-01-23","57.92","-72.98","171.0","RIVIERE AUX FEUILLES, CA","  -3.1","24","  -5.7","24","1022.5","24","999.5","24","999.9"," 0","  3.7","24","  5.1","999.9","   2.5","*","  -8.7","*"," 0.00","I","  2.8","000000"
"71743099999","2021-01-24","57.92","-72.98","171.0","RIVIERE AUX FEUILLES, CA","  11.2","19","   9.9","19","1023.1","19","000.6","19","999.9"," 0","  0.7","19","  4.1","999.9","  17.6"," ","  -6.9"," "," 0.00","I","  2.8","000000"
"71743099999","2021-01-25","57.92","-72.98","171.0","RIVIERE AUX FEUILLES, CA","   8.5","24","   6.4","22","1023.5","24","000.9","24","999.9"," 0","  0.0","24","999.9","999.9","  17.6"," ","  -2.4"," "," 0.00","I","  3.1","000000"
"71743099999","2021-01-26","57.92","-72.98","171.0","RIVIERE AUX FEUILLES, CA","   9.7","24","   8.1","24","1026.9","24","004.3","24","999.9"," 0","  0.0","24","999.9","999.9","  14.9","*","  -8.0","*"," 0.00","I","  2.8","000000"
"71743099999","2021-01-27","57.92","-72.98","171.0","RIVIERE AUX FEUILLES, CA","  -2.4","24","  -4.9","24","1025.7","24","002.6","24","999.9"," 0","  0.0","24","999.9","999.9","   1.8","*"," -10.3","*"," 0.00","I","  2.8","000000"
"71743099999","2021-01-28","57.92","-72.98","171.0","RIVIERE AUX FEUILLES, CA"," -21.9","24"," -26.6","24","1023.4","24","999.5","24","999.9"," 0","  0.0","24","999.9","999.9","   2.5"," "," -31.9"," "," 0.00","I","  2.8","000000"
"71743099999","2021-01-29","57.92","-72.98","171.0","RIVIERE AUX FEUILLES, CA"," -23.1","24"," -27.7","24","1024.7","24","000.6","24","999.9"," 0","  0.3","20","  1.9","999.9"," -12.8"," "," -31.9"," "," 0.00","I","  2.4","000000"
"71743099999","2021-01-30","57.92","-72.98","171.0","RIVIERE AUX FEUILLES, CA"," -25.6","24"," -30.2","24","1029.8","24","005.6","24","999.9"," 0","  0.0"," 8","999.9","999.9"," -12.8"," "," -32.8"," "," 0.00","I","  2.4","000000"
"71743099999","2021-01-31","57.92","-72.98","171.0","RIVIERE AUX FEUILLES, CA"," -22.1","24"," -26.5","24","1034.1","24","009.9","24","999.9"," 0","  0.0"," 7","999.9","999.9","  -9.4","*"," -27.9","*"," 0.00","I","  2.0","000000"
"71743099999","2021-02-01","57.92","-72.98","171.0","RIVIERE AUX FEUILLES, CA"," -13.3","24"," -16.9","24","1032.0","24","008.2","24","999.9"," 0","  0.0"," 7","999.9","999.9","  -5.4","*"," -17.7","*"," 0.00","I","  2.0","000000"
"71743099999","2021-02-02","57.92","-72.98","171.0","RIVIERE AUX FEUILLES, CA"," -14.4","24"," -18.0","24","1029.9","24","006.1","24","999.9"," 0","  0.8","10","  4.1","999.9","   0.7","*"," -27.6","*"," 0.00","I","  2.0","000000"
"71743099999","2021-02-03","57.92","-72.98","171.0","RIVIERE AUX FEUILLES, CA","   1.4","24","  -0.7","24","1025.5","24","002.6","24","999.9"," 0","  3.4","24","  8.9","999.9","   4.1","*","  -3.6","*"," 0.00","I","  1.6","000000"
"71743099999","2021-02-04","57.92","-72.98","171.0","RIVIERE AUX FEUILLES, CA","   5.2","24","   3.0","24","1014.1","24","991.6","24","999.9"," 0","  5.3","24"," 13.0","999.9","  18.1","*","  -7.2","*"," 0.00","I","  2.0","000000"
"71743099999","2021-02-05","57.92","-72.98","171.0","RIVIERE AUX FEUILLES, CA","  16.5","24","  12.4","24","1009.2","24","987.2","24","999.9"," 0","  9.1","24"," 19.0"," 24.9","  20.8","*","  12.6","*"," 0.00","I","  3.1","000000"
"71743099999","2021-02-06","57.92","-72.98","171.0","RIVIERE AUX FEUILLES, CA","  24.4","24","  21.7","24","1003.4","24","981.9","24","999.9"," 0"," 18.0","24"," 22.0"," 28.9","  27.3","*","  19.9","*"," 0.00","I","  2.8","000000"
"71743099999","2021-02-07","57.92","-72.98","171.0","RIVIERE AUX FEUILLES, CA","  14.1","24","  12.0","24","1006.1","24","984.1","24","999.9"," 0"," 12.5","24"," 17.1"," 22.0","  27.3","*","  -2.9","*"," 0.00","I","  4.3","000000"
"71743099999","2021-02-08","57.92","-72.98","171.0","RIVIERE AUX FEUILLES, CA"," -13.0","24"," -17.1","24","1018.3","24","994.9","24","999.9"," 0","  3.9","24"," 12.0","999.9","  -2.6","*"," -26.9","*"," 0.00","I","  3.9","000000"
"71743099999","2021-02-09","57.92","-72.98","171.0","RIVIERE AUX FEUILLES, CA"," -10.1","22"," -16.4","22","1028.1","22","004.5","22","999.9"," 0","  5.4","22","  9.9","999.9","  -6.7","*"," -11.9","*"," 0.00","I","  3.9","000000"
"71743099999","2021-02-10","57.92","-72.98","171.0","RIVIERE AUX FEUILLES, CA","  -8.4","13"," -12.3","13","1023.1","13","999.8","13","999.9"," 0"," 11.4","13"," 13.0"," 18.1","  -4.5","*","  -9.0","*"," 0.00","I","999.9","000000"
"71743099999","2021-02-13","57.92","-72.98","171.0","RIVIERE AUX FEUILLES, CA"," -12.7","14"," -17.2","14","1028.1","14","004.4","14","999.9"," 0"," 12.4","14"," 15.0"," 16.9","  -0.6"," "," -15.0"," "," 0.00","I","  4.3","000000"
"71743099999","2021-02-14","57.92","-72.98","171.0","RIVIERE AUX FEUILLES, CA"," -13.7","24"," -18.7","24","1025.4","24","001.8","24","999.9"," 0"," 10.9","24"," 15.9"," 20.0","  -9.2"," "," -20.6"," "," 0.00","I","  3.9","000000"
"71743099999","2021-02-15","57.92","-72.98","171.0","RIVIERE AUX FEUILLES, CA"," -11.5","24"," -16.4","24","1018.4","24","995.0","24","999.9"," 0"," 11.4","24"," 17.1"," 22.0","  -6.7","*"," -14.1","*"," 0.00","I","  3.9","000000"
"71743099999","2021-02-16","57.92","-72.98","171.0","RIVIERE AUX FEUILLES, CA"," -10.7","24"," -15.9","24","1019.2","24","995.9","24","999.9"," 0","  7.9","24"," 13.0"," 15.0","  -5.6","*"," -17.5","*"," 0.00","I","  3.9","000000"
"71743099999","2021-02-17","57.92","-72.98","171.0","RIVIERE AUX FEUILLES, CA"," -20.4","24"," -24.6","24","1018.5","24","994.7","24","999.9"," 0","  1.3","24","  2.9","999.9","  -5.1"," "," -31.0"," "," 0.00","I","  3.9","000000"
"71743099999","2021-02-18","57.92","-72.98","171.0","RIVIERE AUX FEUILLES, CA"," -12.4","24"," -17.0","24","1021.5","24","998.0","24","999.9"," 0","  5.9","24"," 14.0"," 20.0","   0.1","*"," -23.6","*"," 0.00","I","  3.9","000000"
"71743099999","2021-02-19","57.92","-72.98","171.0","RIVIERE AUX FEUILLES, CA","  -4.5","12","  -8.6","12","1021.4","12","998.3","12","999.9"," 0","  7.4","12"," 13.0","999.9","  -1.7","*","  -8.5","*"," 0.00","I","999.9","000000"
"71743099999","2021-02-21","57.92","-72.98","171.0","RIVIERE AUX FEUILLES, CA","   6.7","12","   0.1","12","1011.3","12","988.9","12","999.9"," 0","  9.4","12"," 13.0"," 19.0","  13.8","*","  -1.3","*"," 0.00","I","999.9","000000"
"71743099999","2021-02-22","57.92","-72.98","171.0","RIVIERE AUX FEUILLES, CA","  21.5","23","  17.1","23"," 998.7","23","977.1","23","999.9"," 0"," 10.5","23"," 15.0"," 21.0","  25.7","*","  14.4","*"," 0.00","I","  3.9","000000"
"71743099999","2021-02-23","57.92","-72.98","171.0","RIVIERE AUX FEUILLES, CA","  22.3","24","  18.9","24"," 993.1","24","971.7","24","999.9"," 0","  8.9","24"," 12.0"," 15.0","  25.0"," ","  18.9"," "," 0.00","I","  3.9","000000"
"71743099999","2021-02-24","57.92","-72.98","171.0","RIVIERE AUX FEUILLES, CA","   9.5","24","   7.2","24"," 998.0","24","976.0","24","999.9"," 0","  5.9","24"," 13.0"," 15.9","  22.1","*","  -6.7","*"," 0.00","I","  3.9","000000"
"71743099999","2021-02-25","57.92","-72.98","171.0","RIVIERE AUX FEUILLES, CA"," -14.9","24"," -20.1","24","1009.0","24","985.7","24","999.9"," 0"," 10.3","24"," 13.0"," 16.9","  -7.8","*"," -20.4","*"," 0.00","I","  3.9","000000"
"71743099999","2021-02-26","57.92","-72.98","171.0","RIVIERE AUX FEUILLES, CA"," -11.4","24"," -15.9","24","1007.6","24","984.4","24","999.9"," 0","  7.5","24"," 14.0"," 20.0","   8.2","*"," -24.0","*"," 0.00","I","  3.9","000000"
"71743099999","2021-02-27","57.92","-72.98","171.0","RIVIERE AUX FEUILLES, CA"," -11.4","24"," -16.1","24","1004.0","24","981.0","24","999.9"," 0","  5.8","24","  9.9","999.9","   9.0","*"," -24.5","*"," 0.00","I","  4.3","000000"
"71743099999","2021-02-28","57.92","-72.98","171.0","RIVIERE AUX FEUILLES, CA"," -22.7","24"," -29.0","24","1021.6","24","997.7","24","999.9"," 0","  7.7","24"," 13.0","999.9","   0.1"," "," -29.6"," "," 0.00","I","  3.9","000000"
"71743099999","2021-03-01","57.92","-72.98","171.0","RIVIERE AUX FEUILLES, CA","  -5.4","23","  -9.7","23","1002.5","23","979.7","23","999.9"," 0","  8.0","23"," 15.0"," 19.0","   1.8","*"," -13.4","*"," 0.00","I","  3.9","000000"
"71743099999","2021-03-02","57.92","-72.98","171.0","RIVIERE AUX FEUILLES, CA"," -17.7","23"," -22.0","23","1007.9","23","984.5","23","999.9"," 0"," 10.0","23"," 21.0"," 28.9","   2.3","*"," -26.7","*"," 0.00","I","  4.3","000000"
"71743099999","2021-03-03","57.92","-72.98","171.0","RIVIERE AUX FEUILLES, CA"," -23.0","24"," -27.7","24","1019.9","24","995.9","24","999.9"," 0","  6.3","24"," 15.0"," 15.9","  -8.3","*"," -37.3","*"," 0.00","I","  4.7","000000"
"71743099999","2021-03-04","57.92","-72.98","171.0","RIVIERE AUX FEUILLES, CA","   7.5","24","   5.6","24","1012.2","24","989.7","24","999.9"," 0"," 13.0","24"," 21.0"," 26.0","  19.4","*","  -7.1","*"," 0.00","I","  5.5","000000"
"71743099999","2021-03-05","57.92","-72.98","171.0","RIVIERE AUX FEUILLES, CA","  17.3","24","  15.7","23","1006.7","24","984.8","24","999.9"," 0"," 15.0","24"," 22.0"," 29.9","  19.4"," ","   0.9"," "," 0.00","I","  4.7","000000"
"71743099999","2021-03-06","57.92","-72.98","171.0","RIVIERE AUX FEUILLES, CA","  10.5","24","   8.0","24","1009.1","24","986.9","24","999.9"," 0"," 13.4","24"," 20.0"," 24.9","  18.1"," ","   7.9"," "," 0.00","I","  3.9","000000"
"71743099999","2021-03-07","57.92","-72.98","171.0","RIVIERE AUX FEUILLES, CA","  -2.0","24","  -6.0","24","1019.6","24","996.7","24","999.9"," 0","  7.8","24"," 13.0","999.9","   7.7","*"," -13.4","*"," 0.00","I","  4.7","000000"
"71743099999","2021-03-08","57.92","-72.98","171.0","RIVIERE AUX FEUILLES, CA","  -6.1","24"," -11.0","24","1019.8","24","996.6","24","999.9"," 0","  5.6","24"," 14.0"," 18.1","  17.6","*"," -22.5","*"," 0.00","I","  4.3","000000"
"71743099999","2021-03-09","57.92","-72.98","171.0","RIVIERE AUX FEUILLES, CA","  14.3","23","  11.6","23","1013.0","23","990.8","23","999.9"," 0"," 10.7","23"," 15.9"," 20.0","  18.5","*","   8.6","*"," 0.00","I","  3.9","000000"
"71743099999","2021-03-10","57.92","-72.98","171.0","RIVIERE AUX FEUILLES, CA","  -4.2","22","  -8.5","22","1017.2","22","994.2","22","999.9"," 0","  6.8","22"," 15.0"," 20.0","   5.2","*"," -11.7","*"," 0.00","I","  3.9","000000"
"71743099999","2021-03-11","57.92","-72.98","171.0","RIVIERE AUX FEUILLES, CA"," -12.9","24"," -18.5","24","1017.4","24","994.0","24","999.9"," 0","  3.7","24","  9.9","999.9","   1.2","*"," -27.2","*"," 0.00","I","  3.9","000000"
"71743099999","2021-03-12","57.92","-72.98","171.0","RIVIERE AUX FEUILLES, CA","  -2.1","24","  -8.1","24","1007.3","24","984.6","24","999.9"," 0","  6.2","24"," 13.0"," 15.9","   4.1","*","  -7.2","*"," 0.00","I","  3.9","000000"
"71743099999","2021-03-13","57.92","-72.98","171.0","RIVIERE AUX FEUILLES, CA"," -13.9","24"," -19.2","24","1014.1","24","990.8","24","999.9"," 0","  8.8","24"," 15.0"," 19.0","   3.6"," "," -24.3"," "," 0.00","I","  3.9","000000"
"71743099999","2021-03-14","57.92","-72.98","171.0","RIVIERE AUX FEUILLES, CA"," -21.5","24"," -26.6","24","1016.6","24","992.8","24","999.9"," 0","  5.0","24"," 15.0"," 15.9","  -7.1"," "," -37.1"," "," 0.00","I","  3.9","000000"
"71743099999","2021-03-15","57.92","-72.98","171.0","RIVIERE AUX FEUILLES, CA"," -17.4","24"," -22.5","24","1022.0","24","998.2","24","999.9"," 0","  7.2","24"," 14.0","999.9","  -9.6","*"," -22.9","*"," 0.00","I","  3.9","000000"
"71743099999","2021-03-16","57.92","-72.98","171.0","RIVIERE AUX FEUILLES, CA"," -18.2","23"," -23.3","23","1016.4","23","992.8","23","999.9"," 0","  5.1","23"," 18.1"," 22.9","   4.8","*"," -36.4","*"," 0.00","I","  3.9","000000"
"71743099999","2021-03-17","57.92","-72.98","171.0","RIVIERE AUX FEUILLES, CA","   4.4","24","   1.4","24","1004.7","24","982.3","24","999.9"," 0"," 13.9","24"," 22.0"," 27.0","  10.4","*","  -4.2","*"," 0.00","I","  3.9","000000"
"71743099999","2021-03-18","57.92","-72.98","171.0","RIVIERE AUX FEUILLES, CA","  -5.7","23","  -9.8","23","1012.1","23","989.1","23","999.9"," 0"," 10.8","23"," 15.0"," 19.0","  10.6"," "," -15.7"," "," 0.00","I","  3.9","000000"
"71743099999","2021-03-19","57.92","-72.98","171.0","RIVIERE AUX FEUILLES, CA","  -6.5","24"," -11.4","24","1021.1","24","997.9","24","999.9"," 0","  5.9","24","  8.9","999.9","   2.8","*"," -15.2","*"," 0.00","I","  3.9","000000"
"71743099999","2021-03-20","57.92","-72.98","171.0","RIVIERE AUX FEUILLES, CA","  -9.5","24"," -15.4","24","1017.4","24","994.1","24","999.9"," 0","  1.7","24","  6.0","999.9","   9.9","*"," -27.8","*"," 0.00","I","  3.9","000000"
"71743099999","2021-03-21","57.92","-72.98","171.0","RIVIERE AUX FEUILLES, CA","  24.3","24","  21.0","24","1007.0","24","985.3","24","999.9"," 0","  9.5","24"," 21.0"," 28.0","  36.7","*","   4.6","*"," 0.00","I","  4.3","000000"
"71743099999","2021-03-22","57.92","-72.98","171.0","RIVIERE AUX FEUILLES, CA","  29.8","24","  28.6","23","1000.5","24","979.2","24","999.9"," 0"," 10.5","24"," 21.0"," 29.9","  36.9"," ","  17.4"," "," 0.00","I","  4.3","000000"
"71743099999","2021-03-23","57.92","-72.98","171.0","RIVIERE AUX FEUILLES, CA","   9.6","24","   6.4","24","1011.4","24","989.2","24","999.9"," 0"," 22.9","24"," 28.9"," 37.9","  34.9"," ","   1.9"," "," 0.00","I","  4.3","000000"
"71743099999","2021-03-24","57.92","-72.98","171.0","RIVIERE AUX FEUILLES, CA","  -4.6","24","  -9.9","24","1026.5","24","003.3","24","999.9"," 0","  4.7","24","  9.9","999.9","  10.6"," "," -20.9"," "," 0.00","I","  3.9","000000"
"71743099999","2021-03-25","57.92","-72.98","171.0","RIVIERE AUX FEUILLES, CA"," -17.3","24"," -22.8","24","1026.8","24","003.0","24","999.9"," 0","  4.7","24"," 13.0"," 15.0","   1.0"," "," -30.1"," "," 0.00","I","  4.3","000000"
"71743099999","2021-03-26","57.92","-72.98","171.0","RIVIERE AUX FEUILLES, CA"," -22.6","24"," -29.7","24","1033.4","24","009.1","24","999.9"," 0","  1.3","24","  2.9","999.9","  -6.7","*"," -39.5","*"," 0.00","I","  3.9","000000"
"71743099999","2021-03-27","57.92","-72.98","171.0","RIVIERE AUX FEUILLES, CA"," -14.3","24"," -21.7","24","1030.5","24","006.7","24","999.9"," 0","  5.8","24"," 20.0"," 24.9","  10.8","*"," -32.4","*"," 0.00","I","  4.3","000000"
"71743099999","2021-03-28","57.92","-72.98","171.0","RIVIERE AUX FEUILLES, CA","  13.1","24","   6.0","24","1010.9","24","988.7","24","999.9"," 0","  8.8","24"," 18.1"," 21.0","  19.8","*","   4.6","*"," 0.00","I","  4.3","000000"
"71743099999","2021-03-29","57.92","-72.98","171.0","RIVIERE AUX FEUILLES, CA","  -1.8","24","  -6.1","24","1006.0","24","983.4","24","999.9"," 0"," 10.3","24"," 17.1","999.9","  19.9"," ","  -4.5"," "," 0.00","I","  4.3","000000"
"71743099999","2021-03-30","57.92","-72.98","171.0","RIVIERE AUX FEUILLES, CA","  -6.0","22"," -11.1","22","1014.7","22","991.6","22","999.9"," 0","  8.2","22"," 15.0"," 20.0","   0.3","*"," -13.9","*"," 0.00","I","  4.3","000000"
"71743099999","2021-03-31","57.92","-72.98","171.0","RIVIERE AUX FEUILLES, CA","  13.1","20","  11.5","19"," 998.3","20","976.3","20","999.9"," 0"," 15.1","20"," 24.9"," 31.9","  28.6"," ","  -2.4"," "," 0.00","I","  4.7","000000"
"71743099999","2021-04-01","57.92","-72.98","171.0","RIVIERE AUX FEUILLES, CA","  -7.0","24"," -11.4","24","1024.9","24","001.7","24","999.9"," 0","  7.3","24"," 15.9"," 23.9","   5.5","*"," -16.8","*"," 0.00","I","  4.3","000000"
"71743099999","2021-04-02","57.92","-72.98","171.0","RIVIERE AUX FEUILLES, CA"," -12.1","24"," -18.8","24","1038.6","24","014.7","24","999.9"," 0","  2.8","24","  8.0","999.9","   1.9"," "," -30.1"," "," 0.00","I","  3.9","000000"
"71743099999","2021-04-03","57.92","-72.98","171.0","RIVIERE AUX FEUILLES, CA","   0.2","24","  -4.6","24","1029.5","24","006.4","24","999.9"," 0","  9.7","24"," 18.1"," 23.9","  12.9","*"," -13.0","*"," 0.00","I","  4.3","000000"
"71743099999","2021-04-04","57.92","-72.98","171.0","RIVIERE AUX FEUILLES, CA","   5.1","24","   0.3","24","1023.4","24","000.6","24","999.9"," 0","  3.4","24"," 13.0","999.9","  19.9","*"," -13.4","*"," 0.00","I","  3.9","000000"
"71743099999","2021-04-05","57.92","-72.98","171.0","RIVIERE AUX FEUILLES, CA","   9.2","24","   5.6","24","1029.9","24","007.2","24","999.9"," 0","  2.0","24","  4.1","999.9","  23.7"," "," -13.7"," "," 0.00","I","  3.9","000000"
"71743099999","2021-04-06","57.92","-72.98","171.0","RIVIERE AUX FEUILLES, CA","  14.6","23","  12.1","23","1030.1","23","007.5","23","999.9"," 0","  7.3","23"," 18.1"," 24.9","  27.0","*","   2.1","*"," 0.00","I","  3.5","000000"
"71743099999","2021-04-07","57.92","-72.98","171.0","RIVIERE AUX FEUILLES, CA","  33.9","24","  30.7","24","1017.9","24","996.3","24","999.9"," 0","  7.4","24"," 14.0"," 15.0","  37.6","*","  26.2","*"," 0.00","I","  4.3","000000"
"71743099999","2021-04-08","57.92","-72.98","171.0","RIVIERE AUX FEUILLES, CA","  23.7","24","  20.7","24","1021.9","24","999.9","24","999.9"," 0"," 13.3","24"," 16.9"," 22.0","  32.2","*","  17.4","*"," 0.00","I","  3.9","000000"
"71743099999","2021-04-09","57.92","-72.98","171.0","RIVIERE AUX FEUILLES, CA","  14.5","24","  10.9","23","1031.3","24","008.7","24","999.9"," 0","  6.3","24"," 13.0","999.9","  25.2"," ","  10.2"," "," 0.00","I","  3.9","000000"
"71743099999","2021-04-10","57.92","-72.98","171.0","RIVIERE AUX FEUILLES, CA","  18.6","24","  14.0","24","1026.2","24","004.0","24","999.9"," 0"," 10.8","24"," 18.1"," 23.9","  29.7","*","   9.5","*"," 0.00","I","  3.9","000000"
"71743099999","2021-04-11","57.92","-72.98","171.0","RIVIERE AUX FEUILLES, CA","  31.6","24","  26.1","24","1019.8","24","998.2","24","999.9"," 0"," 13.9","24"," 20.0"," 24.9","  39.4","*","  23.5","*"," 0.00","I","  3.9","000000"
"71743099999","2021-04-12","57.92","-72.98","171.0","RIVIERE AUX FEUILLES, CA","  40.2","24","  34.3","24","1022.5","24","001.1","24","999.9"," 0","  8.6","24"," 15.9","999.9","  44.6","*","  37.6","*"," 0.00","I","  2.4","000000"
"71743099999","2021-04-13","57.92","-72.98","171.0","RIVIERE AUX FEUILLES, CA","  36.8","23","  33.2","22","1025.1","23","003.5","23","999.9"," 0","  2.4","23","  9.9","999.9","  46.4"," ","  27.1"," "," 0.00","I","  1.6","000000"
"71743099999","2021-04-14","57.92","-72.98","171.0","RIVIERE AUX FEUILLES, CA","  28.8","23","  24.7","23","1027.3","23","005.4","23","999.9"," 0"," 11.3","23"," 15.0"," 20.0","  39.2","*","  22.3","*"," 0.00","I","999.9","000000"
"71743099999","2021-04-15","57.92","-72.98","171.0","RIVIERE AUX FEUILLES, CA","  15.7","22","   9.5","22","1031.5","22","009.0","22","999.9"," 0"," 11.8","22"," 15.0"," 18.1","  21.6","*","   8.2","*"," 0.00","I","  1.6","000000"
"71743099999","2021-04-16","57.92","-72.98","171.0","RIVIERE AUX FEUILLES, CA","  14.6","23","   8.6","23","1025.7","23","003.3","23","999.9"," 0","  7.7","23"," 11.1","999.9","  23.9","*","   6.8","*"," 0.00","I","999.9","000000"
"71743099999","2021-04-17","57.92","-72.98","171.0","RIVIERE AUX FEUILLES, CA","  24.3","24","  16.8","24","1013.1","24","991.3","24","999.9"," 0","  4.6","24"," 12.0","999.9","  35.4","*","  16.2","*"," 0.00","I","  1.6","000000"
"71743099999","2021-04-18","57.92","-72.98","171.0","RIVIERE AUX FEUILLES, CA","  23.3","24","  18.9","24","1009.7","24","988.0","24","999.9"," 0","  5.1","24","  8.9","999.9","  35.4"," ","  15.1"," "," 0.00","I","  1.6","000000"
"71743099999","2021-04-19","57.92","-72.98","171.0","RIVIERE AUX FEUILLES, CA","  24.6","24","  18.1","24","1012.5","24","990.8","24","999.9"," 0","  3.0","24","  6.0","999.9","  31.8"," ","  15.1"," "," 0.00","I","  1.6","000000"
"71743099999","2021-04-20","57.92","-72.98","171.0","RIVIERE AUX FEUILLES, CA","  23.1","24","  19.5","24","1010.3","24","988.5","24","999.9"," 0","  8.6","24"," 14.0"," 19.0","  30.6","*","  17.6","*"," 0.00","I","999.9","000000"
"71743099999","2021-04-21","57.92","-72.98","171.0","RIVIERE AUX FEUILLES, CA","  16.3","24","  13.3","24","1009.1","24","987.2","24","999.9"," 0"," 11.1","24"," 14.0"," 18.1","  29.5"," ","  14.0"," "," 0.00","I","999.9","000000"
"71743099999","2021-04-22","57.92","-72.98","171.0","RIVIERE AUX FEUILLES, CA","  22.4","24","  19.9","24","1007.0","24","985.3","24","999.9"," 0","  9.0","24"," 11.1","999.9","  31.1","*","  15.4","*"," 0.00","I","999.9","000000"
"71743099999","2021-04-23","57.92","-72.98","171.0","RIVIERE AUX FEUILLES, CA","  28.4","24","  26.6","24","1005.3","24","983.9","24","999.9"," 0"," 10.1","24"," 15.0"," 20.0","  31.6","*","  23.9","*"," 0.00","I","  1.6","000000"
"71743099999","2021-04-24","57.92","-72.98","171.0","RIVIERE AUX FEUILLES, CA","  28.7","24","  27.4","23","1006.2","24","984.8","24","999.9"," 0"," 10.2","24"," 19.0"," 24.9","  32.0","*","  20.1","*"," 0.00","I","  1.6","000000"
"71743099999","2021-04-25","57.92","-72.98","171.0","RIVIERE AUX FEUILLES, CA","  12.8","24","   9.7","24","1012.8","24","990.7","24","999.9"," 0"," 15.1","24"," 19.0"," 27.0","  31.6"," ","   9.1"," "," 0.00","I","999.9","000000"
"71743099999","2021-04-26","57.92","-72.98","171.0","RIVIERE AUX FEUILLES, CA","  10.3","24","   5.5","24","1022.5","24","000.0","24","999.9"," 0","  6.9","24"," 13.0","999.9","  15.4","*","   6.8","*"," 0.00","I","999.9","000000"
"71743099999","2021-04-27","57.92","-72.98","171.0","RIVIERE AUX FEUILLES, CA","   9.4","24","   5.0","24","1028.1","24","005.4","24","999.9"," 0","  5.4","24"," 14.0"," 19.0","  25.5","*","  -8.5","*"," 0.00","I","999.9","000000"
"71743099999","2021-04-28","57.92","-72.98","171.0","RIVIERE AUX FEUILLES, CA","  31.2","24","  28.1","24","1020.0","24","998.4","24","999.9"," 0","  5.5","24"," 14.0"," 16.9","  36.9","*","  24.1","*"," 0.00","I","  1.6","000000"
"71743099999","2021-04-29","57.92","-72.98","171.0","RIVIERE AUX FEUILLES, CA","  31.3","24","  28.7","24","1018.4","24","996.8","24","999.9"," 0","  4.0","24","  8.9","999.9","  37.2"," ","  26.4"," "," 0.00","I","999.9","000000"
"71743099999","2021-04-30","57.92","-72.98","171.0","RIVIERE AUX FEUILLES, CA","  34.9","24","  32.1","24","1007.8","24","986.5","24","999.9"," 0","  6.9","24"," 12.0","999.9","  38.8"," ","  27.3"," "," 0.00","I","  1.2","000000"
"71743099999","2021-05-01","57.92","-72.98","171.0","RIVIERE AUX FEUILLES, CA","  29.7","24","  27.8","24"," 999.6","24","978.4","24","999.9"," 0","  7.9","24"," 13.0","999.9","  39.2"," ","  23.7"," "," 0.00","I","  0.4","000000"
"71743099999","2021-05-02","57.92","-72.98","171.0","RIVIERE AUX FEUILLES, CA","  28.5","24","  26.6","24","1000.2","24","978.9","24","999.9"," 0","  7.8","24"," 11.1","999.9","  37.0"," ","  21.4"," "," 0.00","I","999.9","000000"
"71743099999","2021-05-03","57.92","-72.98","171.0","RIVIERE AUX FEUILLES, CA","  33.5","24","  31.6","23","1007.3","24","986.0","24","999.9"," 0","  8.3","24"," 11.1","999.9","  37.0"," ","  21.4"," "," 0.00","I","999.9","000000"
"71743099999","2021-05-04","57.92","-72.98","171.0","RIVIERE AUX FEUILLES, CA","  34.1","24","  30.8","23","1015.8","24","994.4","24","999.9"," 0","  3.7","24","  9.9","999.9","  39.2"," ","  30.0"," "," 0.00","I","  1.2","000000"
"71743099999","2021-05-05","57.92","-72.98","171.0","RIVIERE AUX FEUILLES, CA","  36.0","24","  32.3","24","1016.9","24","995.5","24","999.9"," 0","  9.4","24"," 15.9"," 20.0","  43.2","*","  30.6","*"," 0.00","I","  1.2","000000"
"71743099999","2021-05-06","57.92","-72.98","171.0","RIVIERE AUX FEUILLES, CA","  37.9","23","  33.6","23","1012.4","23","991.2","23","999.9"," 0"," 14.0","23"," 16.9"," 23.9","  44.6"," ","  31.5"," "," 0.00","I","999.9","000000"
"71743099999","2021-05-07","57.92","-72.98","171.0","RIVIERE AUX FEUILLES, CA","  35.7","22","  30.7","22","1015.4","22","994.1","22","999.9"," 0","  6.2","22"," 13.0"," 19.0","  39.6","*","  30.7","*"," 0.00","I","  1.2","000000"
"71743099999","2021-05-08","57.92","-72.98","171.0","RIVIERE AUX FEUILLES, CA","  37.4","24","  33.8","24","1020.0","24","998.6","24","999.9"," 0","  3.2","24","  5.1","999.9","  44.1","*","  31.1","*"," 0.00","I","  1.2","000000"
"71743099999","2021-05-09","57.92","-72.98","171.0","RIVIERE AUX FEUILLES, CA","  36.8","24","  34.4","21","1019.6","24","998.2","24","999.9"," 0","  3.7","24","  8.9","999.9","  43.9"," ","  32.4"," "," 0.00","I","999.9","000000"
"71743099999","2021-05-10","57.92","-72.98","171.0","RIVIERE AUX FEUILLES, CA","  36.1","24","  30.3","24","1020.4","24","999.0","24","999.9"," 0","  4.7","24","  8.0","999.9","  43.5"," ","  30.9"," "," 0.00","I","999.9","000000"
"71743099999","2021-05-11","57.92","-72.98","171.0","RIVIERE AUX FEUILLES, CA","  37.2","24","  30.0","24","1021.5","24","000.0","24","999.9"," 0","  2.5","24","  5.1","999.9","  43.5"," ","  31.1"," "," 0.00","I","  1.2","000000"
"71743099999","2021-05-12","57.92","-72.98","171.0","RIVIERE AUX FEUILLES, CA","  36.1","24","  29.3","24","1018.9","24","997.5","24","999.9"," 0","  5.7","24"," 12.0","999.9","  43.9"," ","  27.7"," "," 0.00","I","  1.6","000000"
"71743099999","2021-05-13","57.92","-72.98","171.0","RIVIERE AUX FEUILLES, CA","  29.7","24","  26.3","24","1021.2","24","999.5","24","999.9"," 0","  9.3","24"," 14.0"," 18.1","  43.9"," ","  25.9"," "," 0.00","I","  1.2","000000"
"71743099999","2021-05-14","57.92","-72.98","171.0","RIVIERE AUX FEUILLES, CA","  31.5","24","  21.5","24","1024.1","24","002.4","24","999.9"," 0","  3.9","24","  6.0","999.9","  41.0","*","  26.1","*"," 0.00","I","  1.2","000000"
"71743099999","2021-05-15","57.92","-72.98","171.0","RIVIERE AUX FEUILLES, CA","  34.9","24","  30.2","23","1021.5","24","999.9","24","999.9"," 0","  6.1","24"," 14.0","999.9","  42.1"," ","  25.9"," "," 0.00","I","  1.2","000000"
"71743099999","2021-05-16","57.92","-72.98","171.0","RIVIERE AUX FEUILLES, CA","  29.7","24","  16.0","24","1025.5","24","003.7","24","999.9"," 0","  5.4","24"," 12.0","999.9","  42.4","*","  18.3","*"," 0.00","I","  1.6","000000"
"71743099999","2021-05-17","57.92","-72.98","171.0","RIVIERE AUX FEUILLES, CA","  41.1","24","  31.6","24","1013.2","24","992.0","24","999.9"," 0"," 15.7","24"," 22.9"," 31.9","  53.1","*","  34.3","*"," 0.00","I","  1.2","000000"
"71743099999","2021-05-18","57.92","-72.98","171.0","RIVIERE AUX FEUILLES, CA","  28.0","20","  23.2","20","1022.2","20","000.4","20","999.9"," 0"," 11.9","20"," 18.1"," 23.9","  35.1","*","  23.7","*"," 0.00","I","  1.2","000000"
"71743099999","2021-05-19","57.92","-72.98","171.0","RIVIERE AUX FEUILLES, CA","  39.2","24","  30.8","24","1020.0","24","998.6","24","999.9"," 0","  8.1","24"," 13.0"," 16.9","  53.4","*","  32.0","*"," 0.00","I","  1.2","000000"
"71743099999","2021-05-20","57.92","-72.98","171.0","RIVIERE AUX FEUILLES, CA","  47.5","20","  41.4","20","1008.7","20","987.8","20","999.9"," 0"," 12.3","20"," 19.0"," 28.0","  54.9"," ","  32.4"," "," 0.00","I","  1.2","000000"
"71743099999","2021-05-21","57.92","-72.98","171.0","RIVIERE AUX FEUILLES, CA","  34.8","24","  21.3","24","1027.7","24","006.1","24","999.9"," 0","  5.4","24"," 12.0","999.9","  54.9"," ","  25.0"," "," 0.00","I","  1.2","000000"
"71743099999","2021-05-22","57.92","-72.98","171.0","RIVIERE AUX FEUILLES, CA","  31.4","24","  19.6","24","1022.2","24","000.5","24","999.9"," 0","  6.5","24"," 14.0"," 20.0","  44.8"," ","  23.2"," "," 0.00","I","  1.6","000000"
"71743099999","2021-05-23","57.92","-72.98","171.0","RIVIERE AUX FEUILLES, CA","  27.0","24","  18.4","24","1022.4","24","000.6","24","999.9"," 0"," 13.2","24"," 20.0"," 26.0","  37.8"," ","  21.2"," "," 0.00","I","  1.2","000000"
"71743099999","2021-05-24","57.92","-72.98","171.0","RIVIERE AUX FEUILLES, CA","  33.8","24","  28.2","24","1007.9","24","986.6","24","999.9"," 0"," 16.9","24"," 24.9"," 36.9","  46.8"," ","  21.2"," "," 0.00","I","  1.2","000000"
"71743099999","2021-05-25","57.92","-72.98","171.0","RIVIERE AUX FEUILLES, CA","  29.2","24","  19.8","24","1006.9","24","985.4","24","999.9"," 0","  7.5","24"," 12.0"," 15.0","  46.8"," ","  20.3"," "," 0.00","I","  1.2","000000"
"71743099999","2021-05-26","57.92","-72.98","171.0","RIVIERE AUX FEUILLES, CA","  30.3","23","  23.6","23","1003.3","23","981.9","23","999.9"," 0"," 11.1","23"," 22.0"," 31.9","  39.6"," ","  20.3"," "," 0.00","I","  1.2","000000"
"71743099999","2021-05-27","57.92","-72.98","171.0","RIVIERE AUX FEUILLES, CA","  26.6","22","  26.5","22"," 998.7","22","977.4","22","999.9"," 0"," 21.4","22"," 26.0"," 35.0","  28.9","*","  25.0","*"," 0.00","I","  1.2","000000"
"71743099999","2021-05-28","57.92","-72.98","171.0","RIVIERE AUX FEUILLES, CA","  28.7","23","  26.7","22","1016.2","23","994.6","23","999.9"," 0"," 13.2","23"," 15.9"," 21.0","  32.4","*","  25.9","*"," 0.00","I","  1.6","000000"
"71743099999","2021-05-29","57.92","-72.98","171.0","RIVIERE AUX FEUILLES, CA","  32.3","21","  25.9","21","1023.1","21","001.4","21","999.9"," 0"," 10.3","21"," 12.0"," 15.9","  43.3","*","  26.8","*"," 0.00","I","  1.6","000000"
"71743099999","2021-05-30","57.92","-72.98","171.0","RIVIERE AUX FEUILLES, CA","  50.0","22","  32.1","22","1018.4","22","997.4","22","999.9"," 0"," 12.8","22"," 18.1"," 24.9","  65.1","*","  38.3","*"," 0.00","I","999.9","000000"
"71743099999","2021-05-31","57.92","-72.98","171.0","RIVIERE AUX FEUILLES, CA","  54.1","24","  34.5","24","1012.3","24","991.7","24","999.9"," 0","  8.5","24"," 13.0"," 15.9","  66.7"," ","  38.5"," "," 0.00","I","999.9","000000"
"71743099999","2021-06-01","57.92","-72.98","171.0","RIVIERE AUX FEUILLES, CA","  40.3","14","  37.9","14","1007.9","14","986.9","14","999.9"," 0"," 11.4","14"," 21.0","999.9","  50.2","*","  35.4","*"," 0.00","I","999.9","000000"
"71743099999","2021-06-02","57.92","-72.98","171.0","RIVIERE AUX FEUILLES, CA","  35.0","13","  28.2","13","1011.7","13","990.3","13","999.9"," 0"," 14.2","13"," 15.9"," 22.0","  40.6"," ","  28.8"," "," 0.00","I","999.9","000000"
"71743099999","2021-06-03","57.92","-72.98","171.0","RIVIERE AUX FEUILLES, CA","  40.7","24","  35.2","23"," 998.7","24","977.8","24","999.9"," 0","  9.4","24"," 22.9"," 29.9","  47.5","*","  36.5","*"," 0.00","I","999.9","000000"
"71743099999","2021-06-04","57.92","-72.98","171.0","RIVIERE AUX FEUILLES, CA","  32.3","24","  27.1","24","1001.5","24","980.4","24","999.9"," 0"," 17.7","24"," 22.0"," 28.9","  49.1"," ","  28.6"," "," 0.00","I","999.9","000000"
"71743099999","2021-06-05","57.92","-72.98","171.0","RIVIERE AUX FEUILLES, CA","  32.9","24","  25.8","24","1006.1","24","984.8","24","999.9"," 0"," 11.0","24"," 15.9"," 22.0","  36.7","*","  29.7","*"," 0.00","I","999.9","000000"
"71743099999","2021-06-06","57.92","-72.98","171.0","RIVIERE AUX FEUILLES, CA","  34.9","24","  26.3","24","1010.2","24","988.9","24","999.9"," 0","  7.4","24"," 12.0","999.9","  45.7","*","  28.9","*"," 0.00","I","999.9","000000"
"71743099999","2021-06-07","57.92","-72.98","171.0","RIVIERE AUX FEUILLES, CA","  36.5","24","  31.5","21"," 994.8","24","973.9","24","999.9"," 0"," 13.4","24"," 22.0"," 33.0","  46.4"," ","  28.8"," "," 0.00","I","999.9","000000"
"71743099999","2021-06-08","57.92","-72.98","171.0","RIVIERE AUX FEUILLES, CA","  34.9","24","  29.9","24","1010.3","24","989.0","24","999.9"," 0"," 10.9","24"," 16.9"," 21.0","  39.2"," ","  32.2"," "," 0.00","I","999.9","000000"
"71743099999","2021-06-09","57.92","-72.98","171.0","RIVIERE AUX FEUILLES, CA","  35.8","24","  30.5","24","1016.4","24","995.0","24","999.9"," 0"," 12.2","24"," 15.0"," 22.0","  43.7","*","  30.0","*"," 0.00","I","999.9","000000"
"71743099999","2021-06-10","57.92","-72.98","171.0","RIVIERE AUX FEUILLES, CA","  40.2","24","  31.6","24","1021.4","24","000.1","24","999.9"," 0"," 12.2","24"," 21.0"," 30.9","  48.6","*","  32.4","*"," 0.00","I","999.9","000000"
"71743099999","2021-06-11","57.92","-72.98","171.0","RIVIERE AUX FEUILLES, CA","  37.2","23","  30.8","23","1015.4","23","994.0","23","999.9"," 0"," 13.9","23"," 16.9"," 22.9","  49.3"," ","  31.1"," "," 0.00","I","999.9","000000"
"71743099999","2021-06-12","57.92","-72.98","171.0","RIVIERE AUX FEUILLES, CA","  41.2","23","  32.6","23","1014.9","23","993.8","23","999.9"," 0","  3.7","23","  9.9","999.9","  53.2","*","  27.1","*"," 0.00","I","999.9","000000"
"71743099999","2021-06-13","57.92","-72.98","171.0","RIVIERE AUX FEUILLES, CA","  48.2","21","  33.1","21","1012.0","21","991.0","21","999.9"," 0","  3.7","21","  8.9"," 22.9","  61.2","*","  30.9","*"," 0.00","I","999.9","000000"
"71743099999","2021-06-14","57.92","-72.98","171.0","RIVIERE AUX FEUILLES, CA","  49.5","23","  35.8","23","1009.4","23","988.6","23","999.9"," 0","  6.4","23"," 15.9"," 21.0","  59.2","*","  34.0","*"," 0.00","I","999.9","000000"
"71743099999","2021-06-15","57.92","-72.98","171.0","RIVIERE AUX FEUILLES, CA","  44.6","21","  33.3","21","1017.2","21","996.1","21","999.9"," 0"," 12.5","21"," 15.9"," 22.0","  60.3"," ","  33.4"," "," 0.00","I","999.9","000000"
"71743099999","2021-06-16","57.92","-72.98","171.0","RIVIERE AUX FEUILLES, CA","  41.4","23","  30.1","23","1018.3","23","997.0","23","999.9"," 0","  6.2","23"," 13.0"," 19.0","  56.8","*","  28.4","*"," 0.00","I","999.9","000000"
"71743099999","2021-06-17","57.92","-72.98","171.0","RIVIERE AUX FEUILLES, CA","  45.9","22","  35.4","22","1006.8","22","986.0","22","999.9"," 0","  4.3","22","  8.0"," 15.0","  55.4","*","  36.3","*"," 0.00","I","999.9","000000"
"71743099999","2021-06-18","57.92","-72.98","171.0","RIVIERE AUX FEUILLES, CA","  47.6","17","  42.8","17"," 998.6","17","977.9","17","999.9"," 0","  3.3","17","  6.0","999.9","  55.8","*","  43.5","*"," 0.00","I","999.9","000000"
"71743099999","2021-06-19","57.92","-72.98","171.0","RIVIERE AUX FEUILLES, CA","  48.3","21","  33.2","20","1004.3","18","983.5","18","999.9"," 0","  2.6","21","  8.0","999.9","  63.5","*","  31.6","*"," 0.00","I","999.9","000000"
"71743099999","2021-06-20","57.92","-72.98","171.0","RIVIERE AUX FEUILLES, CA","  52.2","16","  36.7","16","1004.8","16","984.2","16","999.9"," 0","  3.6","16","  7.0","999.9","  71.1","*","  38.3","*"," 0.00","I","999.9","000000"
"71743099999","2021-06-21","57.92","-72.98","171.0","RIVIERE AUX FEUILLES, CA","  63.7","23","  46.0","23"," 997.0","23","976.9","23","999.9"," 0","  7.1","23"," 15.0"," 21.0","  72.1","*","  52.5","*"," 0.00","I","999.9","000000"
"71743099999","2021-06-22","57.92","-72.98","171.0","RIVIERE AUX FEUILLES, CA","  46.8","24","  45.1","23"," 983.3","24","963.6","23","999.9"," 0"," 16.4","24"," 29.9"," 42.0","  73.4"," ","  33.1"," "," 0.00","I","999.9","000000"
"71743099999","2021-06-23","57.92","-72.98","171.0","RIVIERE AUX FEUILLES, CA","  42.5","23","  36.2","23","1004.8","23","983.9","23","999.9"," 0"," 15.8","23"," 21.0"," 29.9","  57.2"," ","  33.1"," "," 0.00","I","999.9","000000"
"71743099999","2021-06-24","57.92","-72.98","171.0","RIVIERE AUX FEUILLES, CA","  50.4","21","  42.8","21"," 999.6","21","979.0","21","999.9"," 0"," 15.0","21"," 21.0"," 28.0","  55.4","*","  47.7","*"," 0.00","I","999.9","000000"
"71743099999","2021-06-25","57.92","-72.98","171.0","RIVIERE AUX FEUILLES, CA","  50.0","24","  39.4","24","1005.8","24","985.1","24","999.9"," 0"," 12.4","24"," 20.0"," 28.0","  60.3","*","  41.4","*"," 0.00","I","999.9","000000"
"71743099999","2021-06-26","57.92","-72.98","171.0","RIVIERE AUX FEUILLES, CA","  47.4","24","  38.6","24","1006.6","24","985.8","24","999.9"," 0"," 11.8","24"," 14.0"," 20.0","  61.0"," ","  38.8"," "," 0.00","I","999.9","000000"
"71743099999","2021-06-27","57.92","-72.98","171.0","RIVIERE AUX FEUILLES, CA","  43.6","24","  36.7","24","1012.0","24","991.0","24","999.9"," 0"," 10.5","24"," 14.0"," 19.0","  50.7"," ","  38.3"," "," 0.00","I","999.9","000000"
"71743099999","2021-06-28","57.92","-72.98","171.0","RIVIERE AUX FEUILLES, CA","  49.8","24","  35.4","24","1018.2","24","997.3","24","999.9"," 0","  7.5","24"," 12.0"," 15.9","  62.1","*","  41.7","*"," 0.00","I","999.9","000000"
"71743099999","2021-06-29","57.92","-72.98","171.0","RIVIERE AUX FEUILLES, CA","  53.0","24","  40.2","24","1015.3","24","994.6","24","999.9"," 0","  5.3","24","  9.9","999.9","  62.4"," ","  41.2"," "," 0.00","I","999.9","000000"
"71743099999","2021-06-30","57.92","-72.98","171.0","RIVIERE AUX FEUILLES, CA","  52.5","23","  37.1","23","1021.1","23","000.2","23","999.9"," 0","  4.4","23","  8.9","999.9","  66.0","*","  36.9","*"," 0.00","I","999.9","000000"
"71743099999","2021-07-01","57.92","-72.98","171.0","RIVIERE AUX FEUILLES, CA","  56.2","24","  38.0","24","1022.2","24","001.4","24","999.9"," 0","  3.7","24","  8.9"," 19.0","  68.7"," ","  36.0"," "," 0.00","I","999.9","000000"
"71743099999","2021-07-02","57.92","-72.98","171.0","RIVIERE AUX FEUILLES, CA","  53.9","24","  44.7","24","1015.4","24","994.6","24","999.9"," 0","  4.2","24","  9.9","999.9","  69.4"," ","  36.9"," "," 0.00","I","999.9","000000"
"71743099999","2021-07-03","57.92","-72.98","171.0","RIVIERE AUX FEUILLES, CA","  59.3","23","  49.3","23","1013.7","23","993.2","23","999.9"," 0","  4.5","23","  7.0","999.9","  71.8","*","  49.8","*"," 0.00","I","999.9","000000"
"71743099999","2021-07-04","57.92","-72.98","171.0","RIVIERE AUX FEUILLES, CA","  65.0","23","  54.7","23","1010.0","23","989.7","23","999.9"," 0","  3.9","23","  9.9","999.9","  74.8","*","  57.9","*"," 0.00","I","999.9","000000"
"71743099999","2021-07-05","57.92","-72.98","171.0","RIVIERE AUX FEUILLES, CA","  54.4","23","  51.4","23","1005.6","23","985.1","23","999.9"," 0","  8.1","23"," 15.0"," 22.9","  70.3","*","  45.5","*"," 0.00","I","999.9","000000"
"71743099999","2021-07-06","57.92","-72.98","171.0","RIVIERE AUX FEUILLES, CA","  46.5","23","  38.0","23","1007.2","23","986.4","23","999.9"," 0"," 13.2","23"," 15.9"," 24.9","  53.6","*","  40.1","*"," 0.00","I","999.9","000000"
"71743099999","2021-07-07","57.92","-72.98","171.0","RIVIERE AUX FEUILLES, CA","  46.6","20","  34.2","20","1013.9","20","992.9","20","999.9"," 0","  5.3","20"," 13.0","999.9","  60.8","*","  32.4","*"," 0.00","I","999.9","000000"
"71743099999","2021-07-08","57.92","-72.98","171.0","RIVIERE AUX FEUILLES, CA","  53.0","22","  40.2","22","1013.1","22","992.5","22","999.9"," 0"," 13.2","22"," 22.9"," 29.9","  63.0","*","  43.5","*"," 0.00","I","999.9","000000"
"71743099999","2021-07-09","57.92","-72.98","171.0","RIVIERE AUX FEUILLES, CA","  50.3","22","  43.3","22","1008.2","22","987.5","22","999.9"," 0"," 11.7","22"," 15.9"," 22.9","  59.2","*","  45.9","*"," 0.00","I","999.9","000000"
"71743099999","2021-07-10","57.92","-72.98","171.0","RIVIERE AUX FEUILLES, CA","  47.0","21","  42.1","21","1012.2","21","991.2","21","999.9"," 0"," 10.7","21"," 13.0"," 19.0","  53.1","*","  42.6","*"," 0.00","I","999.9","000000"
"71743099999","2021-07-11","57.92","-72.98","171.0","RIVIERE AUX FEUILLES, CA","  51.6","21","  41.4","21","1019.0","21","998.0","21","999.9"," 0","  7.5","21"," 12.0"," 19.0","  62.1","*","  41.0","*"," 0.00","I","999.9","000000"
"71743099999","2021-07-12","57.92","-72.98","171.0","RIVIERE AUX FEUILLES, CA","  57.1","24","  40.6","24","1021.9","24","001.1","24","999.9"," 0","  7.0","24"," 14.0"," 20.0","  71.8","*","  40.6","*"," 0.00","I","999.9","000000"
"71743099999","2021-07-13","57.92","-72.98","171.0","RIVIERE AUX FEUILLES, CA","  66.7","24","  48.8","24","1012.2","24","991.9","24","999.9"," 0"," 10.1","24"," 20.0"," 27.0","  78.6","*","  54.5","*"," 0.00","I","999.9","000000"
"71743099999","2021-07-14","57.92","-72.98","171.0","RIVIERE AUX FEUILLES, CA","  64.8","17","  52.9","17","1008.6","17","988.3","17","999.9"," 0","  5.6","17"," 13.0"," 18.1","  79.5"," ","  52.5"," "," 0.00","I","999.9","000000"
"71743099999","2021-07-15","57.92","-72.98","171.0","RIVIERE AUX FEUILLES, CA","  55.6","21","  54.8","20","1006.3","15","985.8","15","999.9"," 0","  3.9","21","  7.0","999.9","  62.2","*","  49.1","*"," 0.00","I","999.9","000000"
"71743099999","2021-07-16","57.92","-72.98","171.0","RIVIERE AUX FEUILLES, CA","  54.0","21","  49.2","21","1011.5","21","990.9","21","999.9"," 0","  4.6","21","  7.0","999.9","  62.2","*","  49.1","*"," 0.00","I","999.9","000000"
"71743099999","2021-07-17","57.92","-72.98","171.0","RIVIERE AUX FEUILLES, CA","  61.8","23","  50.4","22","1013.9","23","993.5","23","999.9"," 0","  5.4","23","  9.9"," 15.9","  73.6","*","  49.1","*"," 0.00","I","999.9","000000"
"71743099999","2021-07-18","57.92","-72.98","171.0","RIVIERE AUX FEUILLES, CA","  51.6","22","  42.3","22","1017.2","22","996.4","22","999.9"," 0"," 13.7","22"," 20.0"," 24.9","  63.1","*","  41.9","*"," 0.00","I","999.9","000000"
"71743099999","2021-07-19","57.92","-72.98","171.0","RIVIERE AUX FEUILLES, CA","  47.0","22","  39.2","22","1012.8","22","991.8","22","999.9"," 0"," 17.5","22"," 22.9"," 28.9","  54.1","*","  42.8","*"," 0.00","I","999.9","000000"
"71743099999","2021-07-20","57.92","-72.98","171.0","RIVIERE AUX FEUILLES, CA","  49.9","22","  41.3","22","1013.1","22","992.2","22","999.9"," 0"," 12.3","22"," 15.0"," 20.0","  63.3","*","  43.5","*"," 0.00","I","999.9","000000"
"71743099999","2021-07-21","57.92","-72.98","171.0","RIVIERE AUX FEUILLES, CA","  55.8","22","  43.8","22","1015.0","22","994.3","22","999.9"," 0","  9.3","22"," 14.0"," 21.0","  67.6","*","  46.8","*"," 0.00","I","999.9","000000"
"71743099999","2021-07-22","57.92","-72.98","171.0","RIVIERE AUX FEUILLES, CA","  59.1","23","  45.8","23","1017.1","23","996.5","23","999.9"," 0","  5.3","23","  9.9"," 15.9","  66.4","*","  50.9","*"," 0.00","I","999.9","000000"
"71743099999","2021-07-23","57.92","-72.98","171.0","RIVIERE AUX FEUILLES, CA","  58.1","23","  44.0","23","1018.7","23","998.0","23","999.9"," 0","  5.3","23"," 13.0"," 18.1","  72.5","*","  41.4","*"," 0.00","I","999.9","000000"
"71743099999","2021-07-24","57.92","-72.98","171.0","RIVIERE AUX FEUILLES, CA","  66.4","21","  49.5","21","1007.2","21","987.0","21","999.9"," 0"," 11.0","21"," 21.0"," 29.9","  78.8","*","  51.8","*"," 0.00","I","999.9","000000"
"71743099999","2021-07-25","57.92","-72.98","171.0","RIVIERE AUX FEUILLES, CA","  60.1","19","  57.1","18"," 998.1","16","978.0","16","999.9"," 0","  7.2","19"," 12.0"," 16.9","  70.2","*","  52.7","*"," 0.00","I","999.9","000000"
"71743099999","2021-07-26","57.92","-72.98","171.0","RIVIERE AUX FEUILLES, CA","  48.1","17","  42.5","17","1002.6","17","982.0","17","999.9"," 0","  9.4","17"," 14.0"," 20.0","  54.5","*","  41.9","*"," 0.00","I","999.9","000000"
"71743099999","2021-07-28","57.92","-72.98","171.0","RIVIERE AUX FEUILLES, CA","  58.0","20","  43.5","20","1015.1","15","994.6","15","999.9"," 0","  4.8","20","  8.0","999.9","  69.3","*","  47.3","*"," 0.00","I","999.9","000000"
"71743099999","2021-07-29","57.92","-72.98","171.0","RIVIERE AUX FEUILLES, CA","  59.9","23","  44.2","23","1009.7","23","989.3","23","999.9"," 0","  4.8","23"," 11.1"," 15.9","  71.6"," ","  42.1"," "," 0.00","C","999.9","000000"
"71743099999","2021-07-30","57.92","-72.98","171.0","RIVIERE AUX FEUILLES, CA","  51.9","23","  45.0","23","1007.9","23","987.3","23","999.9"," 0","  7.1","23"," 11.1"," 15.9","  60.8","*","  49.5","*"," 0.00","C","999.9","000000"
"71743099999","2021-07-31","57.92","-72.98","171.0","RIVIERE AUX FEUILLES, CA","  48.8","23","  45.5","23","1007.2","23","986.5","23","999.9"," 0","  9.9","23"," 14.0"," 20.0","  54.1","*","  43.7","*"," 0.11","B","999.9","000000"
"71743099999","2021-08-01","57.92","-72.98","171.0","RIVIERE AUX FEUILLES, CA","  49.8","22","  45.7","22","1007.0","22","986.3","22","999.9"," 0","  9.2","22"," 15.0"," 20.0","  56.5","*","  43.7","*"," 0.03","B","999.9","000000"
"71743099999","2021-08-02","57.92","-72.98","171.0","RIVIERE AUX FEUILLES, CA","  51.0","21","  45.7","21","1004.5","21","983.9","21","999.9"," 0","  8.0","21"," 12.0"," 18.1","  54.3","*","  45.5","*"," 0.04","C","999.9","000000"
"71743099999","2021-08-03","57.92","-72.98","171.0","RIVIERE AUX FEUILLES, CA","  55.1","24","  50.2","24","1002.6","22","982.1","22","999.9"," 0","  4.8","24","  8.9","999.9","  62.1","*","  49.1","*"," 0.00","C","999.9","000000"
"71743099999","2021-08-04","57.92","-72.98","171.0","RIVIERE AUX FEUILLES, CA","  52.3","24","  48.3","24","1004.6","24","984.0","24","999.9"," 0"," 15.1","24"," 26.0"," 35.9","  63.7"," ","  45.9"," "," 0.08","G","999.9","000000"
"71743099999","2021-08-05","57.92","-72.98","171.0","RIVIERE AUX FEUILLES, CA","  48.0","24","  40.5","24","1009.2","24","988.4","24","999.9"," 0"," 11.0","24"," 17.1"," 23.9","  56.8"," ","  41.7"," "," 0.33","G","999.9","000000"
"71743099999","2021-08-06","57.92","-72.98","171.0","RIVIERE AUX FEUILLES, CA","  47.0","24","  37.4","24","1009.6","24","988.7","24","999.9"," 0","  9.4","24"," 15.9"," 21.0","  54.5"," ","  40.5"," "," 0.00","G","999.9","000000"
"71743099999","2021-08-07","57.92","-72.98","171.0","RIVIERE AUX FEUILLES, CA","  47.6","21","  40.9","21","1009.6","21","988.8","21","999.9"," 0"," 13.0","21"," 18.1"," 24.9","  55.0"," ","  40.5"," "," 0.00","G","999.9","000000"
"71743099999","2021-08-08","57.92","-72.98","171.0","RIVIERE AUX FEUILLES, CA","  50.6","23","  40.9","23","1018.4","23","997.5","23","999.9"," 0"," 10.1","23"," 13.0"," 19.0","  64.2","*","  43.2","*"," 0.00","C","999.9","000000"
"71743099999","2021-08-09","57.92","-72.98","171.0","RIVIERE AUX FEUILLES, CA","  59.5","22","  48.3","22","1007.6","22","987.1","22","999.9"," 0"," 12.5","22"," 19.0"," 29.9","  71.4","*","  51.8","*"," 0.00","G","999.9","000000"
"71743099999","2021-08-10","57.92","-72.98","171.0","RIVIERE AUX FEUILLES, CA","  50.0","19","  43.0","18","1013.6","19","992.7","19","999.9"," 0","  5.7","19","  8.0","999.9","  60.8","*","  41.9","*"," 0.14","G","999.9","000000"
"71743099999","2021-08-11","57.92","-72.98","171.0","RIVIERE AUX FEUILLES, CA","  70.3"," 9","  61.1"," 9","1001.5"," 9","981.5"," 9","999.9"," 0"," 11.1"," 9"," 15.0"," 23.9","  77.4"," ","  50.0"," "," 0.00","G","999.9","000000"
"71743099999","2021-08-12","57.92","-72.98","171.0","RIVIERE AUX FEUILLES, CA","  67.3","24","  61.8","23"," 995.7","24","975.8","24","999.9"," 0","  9.1","24"," 15.0"," 23.9","  77.4"," ","  50.2"," "," 0.29","G","999.9","000000"
"71743099999","2021-08-13","57.92","-72.98","171.0","RIVIERE AUX FEUILLES, CA","  54.8","24","  49.4","24"," 997.9","24","977.6","24","999.9"," 0"," 14.8","24"," 27.0"," 37.9","  62.8","*","  49.5","*"," 0.17","G","999.9","000000"
"71743099999","2021-08-14","57.92","-72.98","171.0","RIVIERE AUX FEUILLES, CA","  49.3","24","  42.8","24","1010.5","24","989.7","24","999.9"," 0"," 13.9","24"," 19.0"," 26.0","  55.8","*","  45.5","*"," 0.01","G","999.9","000000"
"71743099999","2021-08-15","57.92","-72.98","171.0","RIVIERE AUX FEUILLES, CA","  53.3","24","  44.4","24","1013.0","24","992.3","24","999.9"," 0","  8.6","24"," 12.0"," 16.9","  67.5","*","  46.2","*"," 0.01","G","999.9","000000"
"71743099999","2021-08-16","57.92","-72.98","171.0","RIVIERE AUX FEUILLES, CA","  56.6","24","  50.1","24","1000.3","24","980.0","24","999.9"," 0"," 18.7","24"," 28.0"," 40.0","  68.5"," ","  45.9"," "," 0.21","G","999.9","000000"
"71743099999","2021-08-17","57.92","-72.98","171.0","RIVIERE AUX FEUILLES, CA","  48.0","24","  40.6","24","1009.3","24","988.5","24","999.9"," 0"," 14.1","24"," 20.0"," 31.9","  63.3"," ","  43.9"," "," 0.00","G","999.9","000000"
"71743099999","2021-08-18","57.92","-72.98","171.0","RIVIERE AUX FEUILLES, CA","  51.7","24","  48.6","24","1008.0","24","987.4","24","999.9"," 0","  3.9","24","  6.0","999.9","  55.2"," ","  43.9"," "," 0.03","G","999.9","000000"
"71743099999","2021-08-19","57.92","-72.98","171.0","RIVIERE AUX FEUILLES, CA","  51.3","24","  46.8","24","1013.1","24","992.3","24","999.9"," 0","  9.1","24"," 14.0"," 18.1","  54.0"," ","  48.7"," "," 0.01","G","999.9","000000"
"71743099999","2021-08-20","57.92","-72.98","171.0","RIVIERE AUX FEUILLES, CA","  50.0","24","  42.2","24","1018.6","24","997.6","24","999.9"," 0","  5.6","24","  8.0","999.9","  57.4","*","  39.7","*"," 0.00","G","999.9","000000"
"71743099999","2021-08-21","57.92","-72.98","171.0","RIVIERE AUX FEUILLES, CA","  50.8","24","  42.7","24","1016.5","24","995.6","24","999.9"," 0","  5.3","24"," 15.0"," 21.0","  62.6","*","  40.8","*"," 0.00","G","999.9","000000"
"71743099999","2021-08-22","57.92","-72.98","171.0","RIVIERE AUX FEUILLES, CA","  62.0","24","  52.2","24","1004.7","24","984.5","24","999.9"," 0"," 17.3","24"," 24.9"," 34.0","  79.0"," ","  40.3"," "," 0.02","G","999.9","000000"
"71743099999","2021-08-23","57.92","-72.98","171.0","RIVIERE AUX FEUILLES, CA","  51.5","24","  42.1","24","1011.3","24","990.6","24","999.9"," 0"," 19.5","24"," 27.0"," 37.9","  58.8","*","  45.9","*"," 0.00","G","999.9","000000"
"71743099999","2021-08-24","57.92","-72.98","171.0","RIVIERE AUX FEUILLES, CA","  50.0","24","  39.9","24","1011.1","24","990.4","24","999.9"," 0","  7.9","24"," 15.9"," 22.0","  59.2","*","  41.9","*"," 0.00","G","999.9","000000"
"71743099999","2021-08-25","57.92","-72.98","171.0","RIVIERE AUX FEUILLES, CA","  46.2","24","  38.4","24","1018.3","24","997.3","24","999.9"," 0","  9.5","24"," 15.0"," 20.0","  60.3"," ","  42.4"," "," 0.00","G","999.9","000000"
"71743099999","2021-08-26","57.92","-72.98","171.0","RIVIERE AUX FEUILLES, CA","  47.1","24","  37.9","24","1021.6","24","000.5","24","999.9"," 0","  3.6","24","  9.9","999.9","  60.8","*","  32.0","*"," 0.00","G","999.9","000000"
"71743099999","2021-08-27","57.92","-72.98","171.0","RIVIERE AUX FEUILLES, CA","  50.8","24","  39.5","24","1022.9","24","001.9","24","999.9"," 0","  9.6","24"," 22.0"," 28.9","  64.6","*","  38.8","*"," 0.00","G","999.9","000000"
"71743099999","2021-08-28","57.92","-72.98","171.0","RIVIERE AUX FEUILLES, CA","  55.8","24","  40.8","24","1025.6","24","004.7","24","999.9"," 0","  7.3","24"," 12.0"," 16.9","  67.6","*","  43.5","*"," 0.00","G","999.9","000000"
"71743099999","2021-08-29","57.92","-72.98","171.0","RIVIERE AUX FEUILLES, CA","  52.7","24","  40.4","24","1019.2","24","998.3","24","999.9"," 0","  2.4","24","  5.1","999.9","  70.3"," ","  36.1"," "," 0.00","G","999.9","000000"
"71743099999","2021-08-30","57.92","-72.98","171.0","RIVIERE AUX FEUILLES, CA","  53.6","24","  41.3","24","1006.5","24","985.9","24","999.9"," 0"," 16.4","24"," 26.0"," 38.9","  71.1"," ","  36.1"," "," 0.00","G","999.9","000000"
"71743099999","2021-08-31","57.92","-72.98","171.0","RIVIERE AUX FEUILLES, CA","  47.0","24","  42.1","24","1006.2","24","985.4","24","999.9"," 0"," 19.1","24"," 22.9"," 31.9","  60.6"," ","  43.7"," "," 0.00","G","999.9","000000"
"71743099999","2021-09-01","57.92","-72.98","171.0","RIVIERE AUX FEUILLES, CA","  41.7","24","  39.4","23","1017.8","24","996.6","24","999.9"," 0"," 14.8","24"," 18.1"," 27.0","  44.8","*","  38.3","*"," 0.53","G","999.9","000000"
"71743099999","2021-09-02","57.92","-72.98","171.0","RIVIERE AUX FEUILLES, CA","  42.8","24","  32.8","24","1026.5","24","005.1","24","999.9"," 0","  7.3","24","  9.9"," 15.9","  58.3","*","  32.9","*"," 0.00","G","999.9","000000"
"71743099999","2021-09-03","57.92","-72.98","171.0","RIVIERE AUX FEUILLES, CA","  48.6","24","  34.0","24","1025.7","24","004.5","24","999.9"," 0","  4.4","24","  8.9","999.9","  66.0","*","  32.9","*"," 0.00","G","999.9","000000"
"71743099999","2021-09-04","57.92","-72.98","171.0","RIVIERE AUX FEUILLES, CA","  51.9","24","  40.7","24","1015.8","24","995.0","24","999.9"," 0","  5.1","24","  9.9"," 15.0","  66.7"," ","  32.0"," "," 0.00","G","999.9","000000"
"71743099999","2021-09-05","57.92","-72.98","171.0","RIVIERE AUX FEUILLES, CA","  54.6","24","  44.2","24","1007.1","24","986.6","24","999.9"," 0","  2.6","24","  5.1","999.9","  67.1","*","  46.8","*"," 0.00","G","999.9","000000"
"71743099999","2021-09-06","57.92","-72.98","171.0","RIVIERE AUX FEUILLES, CA","  55.9","24","  46.5","24","1003.3","24","982.8","24","999.9"," 0","  3.0","24","  9.9"," 15.0","  70.2"," ","  45.3"," "," 0.00","G","999.9","000000"
"71743099999","2021-09-07","57.92","-72.98","171.0","RIVIERE AUX FEUILLES, CA","  49.9","24","  43.1","24","1007.9","24","987.2","24","999.9"," 0","  6.4","24","  8.0"," 15.0","  71.2"," ","  41.7"," "," 0.00","G","999.9","000000"
"71743099999","2021-09-08","57.92","-72.98","171.0","RIVIERE AUX FEUILLES, CA","  45.3","24","  39.9","24","1011.0","24","990.1","24","999.9"," 0","  7.8","24"," 13.0"," 18.1","  58.8"," ","  38.7"," "," 0.00","G","999.9","000000"
"71743099999","2021-09-09","57.92","-72.98","171.0","RIVIERE AUX FEUILLES, CA","  44.4","24","  43.0","23","1004.0","24","983.2","24","999.9"," 0"," 10.1","24"," 14.0"," 20.0","  53.1"," ","  38.8"," "," 0.17","G","999.9","000000"
"71743099999","2021-09-10","57.92","-72.98","171.0","RIVIERE AUX FEUILLES, CA","  42.9","24","  40.8","22","1005.4","24","984.5","24","999.9"," 0","  9.4","24"," 13.0"," 19.0","  45.5","*","  40.1","*"," 0.03","G","999.9","000000"
"71743099999","2021-09-11","57.92","-72.98","171.0","RIVIERE AUX FEUILLES, CA","  38.8","24","  34.9","23","1010.0","24","988.8","24","999.9"," 0","  9.4","24"," 11.1"," 16.9","  42.8","*","  34.7","*"," 0.01","G","999.9","000000"
"71743099999","2021-09-12","57.92","-72.98","171.0","RIVIERE AUX FEUILLES, CA","  36.5","24","  28.3","24","1010.5","24","989.3","24","999.9"," 0"," 12.0","24"," 16.9"," 23.9","  44.6"," ","  32.2"," "," 0.00","G","999.9","000000"
"71743099999","2021-09-13","57.92","-72.98","171.0","RIVIERE AUX FEUILLES, CA","  38.0","24","  29.5","24","1014.7","24","993.4","24","999.9"," 0","  8.1","24"," 13.0"," 19.0","  44.8","*","  32.9","*"," 0.00","G","999.9","000000"
"71743099999","2021-09-14","57.92","-72.98","171.0","RIVIERE AUX FEUILLES, CA","  36.4","24","  25.9","24","1019.6","24","998.2","24","999.9"," 0","  4.0","24","  8.9","999.9","  51.4","*","  24.3","*"," 0.01","G","999.9","000000"
"71743099999","2021-09-15","57.92","-72.98","171.0","RIVIERE AUX FEUILLES, CA","  41.9","24","  31.8","24","1004.9","24","984.0","24","999.9"," 0","  8.8","24"," 13.0"," 20.0","  52.2"," ","  23.4"," "," 0.00","G","999.9","000000"
"71743099999","2021-09-16","57.92","-72.98","171.0","RIVIERE AUX FEUILLES, CA","  41.3","23","  38.5","23","1007.0","23","986.0","23","999.9"," 0","  5.0","23"," 13.0"," 18.1","  52.0","*","  32.5","*"," 0.08","G","999.9","000000"
"71743099999","2021-09-17","57.92","-72.98","171.0","RIVIERE AUX FEUILLES, CA","  51.4","23","  49.0","23","1000.1","23","979.6","23","999.9"," 0","  8.7","23"," 15.9"," 22.9","  54.1"," ","  34.3"," "," 0.57","G","999.9","000000"
"71743099999","2021-09-18","57.92","-72.98","171.0","RIVIERE AUX FEUILLES, CA","  43.9","24","  39.1","24","1002.9","24","982.1","24","999.9"," 0"," 15.7","24"," 24.9"," 30.9","  50.0","*","  40.1","*"," 0.02","G","999.9","000000"
"71743099999","2021-09-19","57.92","-72.98","171.0","RIVIERE AUX FEUILLES, CA","  39.0","24","  30.4","24","1018.4","24","997.1","24","999.9"," 0"," 10.2","24"," 19.0"," 24.9","  45.5","*","  34.3","*"," 0.00","G","999.9","000000"
"71743099999","2021-09-20","57.92","-72.98","171.0","RIVIERE AUX FEUILLES, CA","  47.2","24","  40.4","24","1010.2","24","989.3","24","999.9"," 0"," 13.5","24"," 20.0"," 27.0","  61.5","*","  37.4","*"," 0.01","G","999.9","000000"
"71743099999","2021-09-21","57.92","-72.98","171.0","RIVIERE AUX FEUILLES, CA","  50.7","24","  49.1","24","1001.2","24","980.6","24","999.9"," 0","  8.2","24"," 14.0"," 21.0","  61.9"," ","  40.1"," "," 0.61","G","999.9","000000"
"71743099999","2021-09-22","57.92","-72.98","171.0","RIVIERE AUX FEUILLES, CA","  40.4","23","  36.5","23","1010.0","23","988.9","23","999.9"," 0"," 14.6","23"," 19.0"," 27.0","  54.9"," ","  37.8"," "," 0.05","G","999.9","000000"
"71743099999","2021-09-23","57.92","-72.98","171.0","RIVIERE AUX FEUILLES, CA","  37.7","24","  30.9","24","1025.3","24","003.8","24","999.9"," 0","  9.0","24"," 15.9"," 23.9","  43.2"," ","  34.9"," "," 0.02","G","999.9","000000"
"71743099999","2021-09-24","57.92","-72.98","171.0","RIVIERE AUX FEUILLES, CA","  36.3","24","  29.5","24","1028.3","24","006.6","24","999.9"," 0","  9.4","24"," 18.1"," 26.0","  46.2"," ","  27.7"," "," 0.00","G","999.9","000000"
"71743099999","2021-09-25","57.92","-72.98","171.0","RIVIERE AUX FEUILLES, CA","  47.5","24","  43.8","24","1007.6","24","986.7","24","999.9"," 0"," 13.2","24"," 19.0"," 28.9","  59.7"," ","  29.7"," "," 0.39","G","999.9","000000"
"71743099999","2021-09-26","57.92","-72.98","171.0","RIVIERE AUX FEUILLES, CA","  52.3","24","  46.6","24","1007.0","24","986.3","24","999.9"," 0","  6.5","24"," 12.0","999.9","  59.7"," ","  39.9"," "," 0.12","G","999.9","000000"
"71743099999","2021-09-27","57.92","-72.98","171.0","RIVIERE AUX FEUILLES, CA","  49.3","24","  46.2","24"," 997.9","24","977.4","24","999.9"," 0"," 12.2","24"," 18.1"," 28.0","  54.0","*","  45.0","*"," 0.63","G","999.9","000000"
"71743099999","2021-09-28","57.92","-72.98","171.0","RIVIERE AUX FEUILLES, CA","  43.7","24","  40.8","22","1004.3","24","983.4","24","999.9"," 0"," 11.4","24"," 15.9"," 22.9","  48.6","*","  40.1","*"," 0.01","G","999.9","000000"
"71743099999","2021-09-29","57.92","-72.98","171.0","RIVIERE AUX FEUILLES, CA","  38.4","24","  35.0","24","1021.8","24","000.4","24","999.9"," 0","  5.6","24"," 13.0"," 18.1","  48.7"," ","  35.6"," "," 0.00","G","999.9","000000"
"71743099999","2021-09-30","57.92","-72.98","171.0","RIVIERE AUX FEUILLES, CA","  41.6","24","  37.4","24","1029.5","24","008.0","24","999.9"," 0","  5.8","24","  9.9","999.9","  48.2"," ","  35.6"," "," 0.00","G","999.9","000000"
"71743099999","2021-10-01","57.92","-72.98","171.0","RIVIERE AUX FEUILLES, CA","  39.1","24","  31.9","24","1031.5","24","009.9","24","999.9"," 0","  7.6","24"," 14.0"," 20.0","  49.1"," ","  30.7"," "," 0.00","G","999.9","000000"
"71743099999","2021-10-02","57.92","-72.98","171.0","RIVIERE AUX FEUILLES, CA","  38.9","24","  28.1","23","1028.7","24","007.2","24","999.9"," 0","  5.2","24","  8.9","999.9","  54.7","*","  28.0","*"," 0.00","G","  0.4","000000"
"71743099999","2021-10-03","57.92","-72.98","171.0","RIVIERE AUX FEUILLES, CA","  36.7","23","  20.8","23","1025.2","23","003.7","23","999.9"," 0","  2.1","23","  4.1","999.9","  55.8","*","  20.5","*"," 0.00","G","  0.4","000000"
"71743099999","2021-10-04","57.92","-72.98","171.0","RIVIERE AUX FEUILLES, CA","  40.5","24","  25.6","22","1021.5","24","000.2","24","999.9"," 0","  3.9","24"," 11.1"," 15.0","  59.0"," ","  20.5"," "," 0.00","G","  0.4","000000"
"71743099999","2021-10-05","57.92","-72.98","171.0","RIVIERE AUX FEUILLES, CA","  47.1","24","  34.5","24","1014.6","24","993.7","24","999.9"," 0"," 12.4","24"," 22.9"," 31.9","  59.2"," ","  27.1"," "," 0.00","G","  0.4","000000"
"71743099999","2021-10-06","57.92","-72.98","171.0","RIVIERE AUX FEUILLES, CA","  42.7","24","  35.6","24","1016.0","24","994.9","24","999.9"," 0"," 19.7","24"," 23.9"," 34.0","  56.5"," ","  40.8"," "," 0.00","G","  0.4","000000"
"71743099999","2021-10-07","57.92","-72.98","171.0","RIVIERE AUX FEUILLES, CA","  37.8","24","  31.1","23","1023.6","24","002.2","24","999.9"," 0","  8.4","24"," 14.0"," 20.0","  42.1","*","  32.9","*"," 0.00","G","  0.4","000000"
"71743099999","2021-10-08","57.92","-72.98","171.0","RIVIERE AUX FEUILLES, CA","  37.0","24","  29.0","24","1026.2","24","004.6","24","999.9"," 0","  6.5","24"," 14.0"," 19.0","  50.0","*","  28.9","*"," 0.00","G","  0.4","000000"
"71743099999","2021-10-09","57.92","-72.98","171.0","RIVIERE AUX FEUILLES, CA","  51.3","24","  43.1","24","1015.3","24","994.4","24","999.9"," 0","  7.5","24"," 14.0"," 15.0","  56.3"," ","  28.6"," "," 0.00","G","  0.4","000000"
"71743099999","2021-10-10","57.92","-72.98","171.0","RIVIERE AUX FEUILLES, CA","  48.5","24","  47.5","24","1013.6","24","992.7","24","999.9"," 0","  4.2","24","  8.9","999.9","  56.3"," ","  43.9"," "," 0.17","G","  0.4","000000"
"71743099999","2021-10-11","57.92","-72.98","171.0","RIVIERE AUX FEUILLES, CA","  51.2","24","  50.3","23","1014.6","24","993.8","24","999.9"," 0","  4.7","24","  8.0","999.9","  59.5","*","  45.5","*"," 0.02","G","  0.4","000000"
"71743099999","2021-10-12","57.92","-72.98","171.0","RIVIERE AUX FEUILLES, CA","  56.9","24","  54.5","24","1010.3","24","989.8","24","999.9"," 0","  8.1","24"," 14.0"," 16.9","  59.9"," ","  46.0"," "," 0.04","G","  0.4","000000"
"71743099999","2021-10-13","57.92","-72.98","171.0","RIVIERE AUX FEUILLES, CA","  42.4","19","  41.6","16","1018.0","19","996.9","19","999.9"," 0","  8.1","19"," 12.0"," 16.9","  56.1","*","  36.5","*"," 0.05","G","  0.4","000000"
"71743099999","2021-10-14","57.92","-72.98","171.0","RIVIERE AUX FEUILLES, CA","  36.2","24","  33.8","24","1025.4","21","003.9","21","999.9"," 0","  7.8","24"," 13.0"," 19.0","  39.9","*","  33.3","*"," 0.00","G","  0.4","000000"
"71743099999","2021-10-15","57.92","-72.98","171.0","RIVIERE AUX FEUILLES, CA","  37.4","24","  32.8","24","1021.0","24","999.5","24","999.9"," 0"," 12.1","24"," 19.0"," 24.9","  45.0","*","  32.4","*"," 0.00","G","  0.4","000000"
"71743099999","2021-10-16","57.92","-72.98","171.0","RIVIERE AUX FEUILLES, CA","  41.2","24","  37.2","24","1013.2","24","992.1","24","999.9"," 0"," 10.4","24"," 15.9"," 22.0","  45.1"," ","  34.5"," "," 0.00","G","  0.4","000000"
"71743099999","2021-10-17","57.92","-72.98","171.0","RIVIERE AUX FEUILLES, CA","  42.9","24","  39.1","24","1000.9","24","980.1","24","999.9"," 0"," 14.5","24"," 19.0"," 28.0","  45.7"," ","  36.7"," "," 0.22","G","  0.4","000000"
"71743099999","2021-10-18","57.92","-72.98","171.0","RIVIERE AUX FEUILLES, CA","  44.1","24","  40.7","24","1001.4","24","980.6","24","999.9"," 0","  7.8","24"," 18.1"," 26.0","  46.6"," ","  39.6"," "," 0.01","G","  0.4","000000"
"71743099999","2021-10-19","57.92","-72.98","171.0","RIVIERE AUX FEUILLES, CA","  40.9","24","  38.9","24","1009.6","24","988.5","24","999.9"," 0","  4.2","24","  8.0","999.9","  46.8"," ","  36.7"," "," 0.00","G","  0.4","000000"
"71743099999","2021-10-20","57.92","-72.98","171.0","RIVIERE AUX FEUILLES, CA","  39.3","24","  35.4","22","1014.9","24","993.7","24","999.9"," 0","  6.7","24"," 14.0"," 15.0","  43.2","*","  34.7","*"," 0.00","G","  0.4","000000"
"71743099999","2021-10-21","57.92","-72.98","171.0","RIVIERE AUX FEUILLES, CA","  39.6","24","  37.5","23","1015.4","24","994.2","24","999.9"," 0","  7.5","24"," 11.1"," 15.9","  44.2"," ","  36.1"," "," 0.01","G","  0.4","000000"
"71743099999","2021-10-22","57.92","-72.98","171.0","RIVIERE AUX FEUILLES, CA","  33.5","24","  30.4","23","1018.5","24","997.0","24","999.9"," 0","  8.4","24"," 13.0"," 15.0","  39.9","*","  28.8","*"," 0.00","G","  0.4","000000"
"71743099999","2021-10-23","57.92","-72.98","171.0","RIVIERE AUX FEUILLES, CA","  31.7","24","  28.1","24","1017.0","24","995.4","24","999.9"," 0","  5.5","24","  9.9"," 15.9","  38.3"," ","  28.6"," "," 0.00","G","  0.8","000000"
"71743099999","2021-10-24","57.92","-72.98","171.0","RIVIERE AUX FEUILLES, CA","  30.4","24","  28.5","23","1018.1","24","996.5","24","999.9"," 0","  6.7","24","  9.9","999.9","  35.4"," ","  28.0"," "," 0.00","G","  0.8","000000"
"71743099999","2021-10-25","57.92","-72.98","171.0","RIVIERE AUX FEUILLES, CA","  32.9","24","  29.2","24","1021.8","24","000.1","24","999.9"," 0","  9.6","24"," 15.0"," 19.0","  35.4","*","  28.6","*"," 0.00","G","  0.8","000000"
"71743099999","2021-10-26","57.92","-72.98","171.0","RIVIERE AUX FEUILLES, CA","  32.5","24","  30.1","24","1026.1","24","004.4","24","999.9"," 0","  9.0","24"," 12.0"," 16.9","  36.3"," ","  31.1"," "," 0.00","G","  0.8","000000"
"71743099999","2021-10-27","57.92","-72.98","171.0","RIVIERE AUX FEUILLES, CA","  31.0","24","  28.4","23","1028.6","24","006.8","24","999.9"," 0","  4.6","24","  8.0","999.9","  34.7","*","  27.1","*"," 0.01","G","  0.8","000000"
"71743099999","2021-10-28","57.92","-72.98","171.0","RIVIERE AUX FEUILLES, CA","  33.7","24","  25.7","24","1023.9","24","002.3","24","999.9"," 0","  4.4","24","  8.9","999.9","  50.9"," ","  24.6"," "," 0.00","G","  0.8","000000"
"71743099999","2021-10-29","57.92","-72.98","171.0","RIVIERE AUX FEUILLES, CA","  37.8","24","  24.6","24","1014.0","24","992.7","24","999.9"," 0","  6.6","24"," 13.0"," 18.1","  51.1"," ","  24.6"," "," 0.00","G","  0.4","000000"
"71743099999","2021-10-30","57.92","-72.98","171.0","RIVIERE AUX FEUILLES, CA","  39.7","24","  34.1","24","1009.8","24","988.7","24","999.9"," 0","  8.9","24"," 12.0"," 16.9","  51.1"," ","  28.4"," "," 0.02","G","  0.4","000000"
"71743099999","2021-10-31","57.92","-72.98","171.0","RIVIERE AUX FEUILLES, CA","  37.1","24","  32.9","24","1008.4","24","987.2","24","999.9"," 0","  4.6","24","  8.9","999.9","  41.4"," ","  32.4"," "," 0.00","G","  0.4","000000"
"71743099999","2021-11-01","57.92","-72.98","171.0","RIVIERE AUX FEUILLES, CA","  33.7","24","  32.3","23"," 994.6","24","973.6","24","999.9"," 0"," 12.9","24"," 20.0"," 26.0","  36.7","*","  31.1","*"," 0.35","G","  1.6","000000"
"71743099999","2021-11-02","57.92","-72.98","171.0","RIVIERE AUX FEUILLES, CA","  29.0","24","  25.6","24"," 991.5","24","970.4","24","999.9"," 0"," 17.4","24"," 21.0"," 29.9","  32.9","*","  24.8","*"," 0.19","G","  1.6","000000"
"71743099999","2021-11-03","57.92","-72.98","171.0","RIVIERE AUX FEUILLES, CA","  24.6","24","  19.0","24","1010.0","24","988.3","24","999.9"," 0","  8.8","24"," 16.9"," 23.9","  30.7"," ","  22.5"," "," 0.02","G","  2.0","000000"
"71743099999","2021-11-04","57.92","-72.98","171.0","RIVIERE AUX FEUILLES, CA","  27.5","23","  24.8","23","1010.3","23","988.7","23","999.9"," 0","  6.4","23"," 11.1","999.9","  31.1","*","  20.5","*"," 0.02","C","  2.4","000000"
"71743099999","2021-11-05","57.92","-72.98","171.0","RIVIERE AUX FEUILLES, CA","  25.4","24","  23.3","24","1008.8","24","987.2","24","999.9"," 0","  2.6","24","  5.1","999.9","  31.5"," ","  19.6"," "," 0.06","G","  2.4","000000"
"71743099999","2021-11-06","57.92","-72.98","171.0","RIVIERE AUX FEUILLES, CA","  20.5","24","  17.4","24","1006.7","24","985.0","24","999.9"," 0","  5.4","24","  8.9","999.9","  26.2","*","   6.3","*"," 0.00","G","  3.1","000000"
"71743099999","2021-11-07","57.92","-72.98","171.0","RIVIERE AUX FEUILLES, CA","   3.9","24","   0.6","24","1015.7","24","993.1","24","999.9"," 0","  2.1","24","  8.0","999.9","  23.0"," ","  -4.7"," "," 0.00","G","  2.8","000000"
"71743099999","2021-11-08","57.92","-72.98","171.0","RIVIERE AUX FEUILLES, CA","  18.2","24","  14.4","24","1014.3","24","992.2","24","999.9"," 0","  8.2","24"," 12.0"," 19.0","  23.4"," ","  -4.7"," "," 0.00","G","  3.1","000000"
"71743099999","2021-11-09","57.92","-72.98","171.0","RIVIERE AUX FEUILLES, CA","  20.9","24","  17.0","24","1009.4","24","987.6","24","999.9"," 0","  7.7","24"," 12.0"," 19.0","  25.7"," ","  10.8"," "," 0.00","G","  3.1","000000"
"71743099999","2021-11-10","57.92","-72.98","171.0","RIVIERE AUX FEUILLES, CA","  17.6","24","  13.7","24","1017.1","24","995.0","24","999.9"," 0","  2.0","24","  6.0","999.9","  24.6","*","  12.2","*"," 0.00","G","  3.1","000000"
"71743099999","2021-11-11","57.92","-72.98","171.0","RIVIERE AUX FEUILLES, CA","  21.3","24","  17.0","24","1025.5","24","003.4","24","999.9"," 0","  3.6","24"," 11.1","999.9","  26.1","*","  15.1","*"," 0.00","G","  3.1","000000"
"71743099999","2021-11-12","57.92","-72.98","171.0","RIVIERE AUX FEUILLES, CA","  27.1","24","  23.1","24","1028.1","24","006.1","24","999.9"," 0","  4.6","24","  9.9","999.9","  31.8"," ","  17.8"," "," 0.01","G","  3.1","000000"
"71743099999","2021-11-13","57.92","-72.98","171.0","RIVIERE AUX FEUILLES, CA","  20.3","24","  15.9","24","1016.3","24","994.4","24","999.9"," 0"," 13.7","24"," 20.0"," 27.0","  31.8"," ","  14.0"," "," 0.00","G","  3.1","000000"
"71743099999","2021-11-14","57.92","-72.98","171.0","RIVIERE AUX FEUILLES, CA","  19.0","24","  14.1","24","1012.4","24","990.5","24","999.9"," 0","  9.9","24"," 14.0"," 20.0","  24.3"," ","  16.2"," "," 0.00","G","  2.0","000000"
"71743099999","2021-11-15","57.92","-72.98","171.0","RIVIERE AUX FEUILLES, CA","  18.6","24","  13.9","24","1013.5","24","991.5","24","999.9"," 0"," 11.2","24"," 15.0"," 20.0","  21.4"," ","  11.5"," "," 0.00","G","  2.0","000000"
"71743099999","2021-11-16","57.92","-72.98","171.0","RIVIERE AUX FEUILLES, CA","  24.3","24","  20.9","24","1011.3","24","989.6","24","999.9"," 0"," 11.6","24"," 15.0"," 22.0","  28.2"," ","  11.5"," "," 0.06","G","  2.4","000000"
"71743099999","2021-11-17","57.92","-72.98","171.0","RIVIERE AUX FEUILLES, CA","  23.8","24","  20.4","24","1020.5","24","998.6","24","999.9"," 0","  4.5","24","  9.9","999.9","  28.2"," ","  20.8"," "," 0.01","G","  2.0","000000"
"71743099999","2021-11-18","57.92","-72.98","171.0","RIVIERE AUX FEUILLES, CA","  20.6","22","  17.7","22","1011.4","22","989.5","22","999.9"," 0"," 11.4","22"," 19.0"," 27.0","  26.4"," ","  17.8"," "," 0.00","G","  2.0","000000"
"71743099999","2021-11-19","57.92","-72.98","171.0","RIVIERE AUX FEUILLES, CA","  17.8","24","  14.6","24"," 995.2","24","973.6","24","999.9"," 0","  6.8","24"," 16.9"," 23.9","  23.0"," ","   9.7"," "," 0.12","G","  2.4","000000"
"71743099999","2021-11-20","57.92","-72.98","171.0","RIVIERE AUX FEUILLES, CA","  15.6","24","  10.5","24","1013.1","24","991.0","24","999.9"," 0","  8.6","24"," 15.9"," 21.0","  23.2"," ","   9.7"," "," 0.00","G","  2.0","000000"
"71743099999","2021-11-21","57.92","-72.98","171.0","RIVIERE AUX FEUILLES, CA","  21.5","24","  17.6","24","1010.2","24","988.3","24","999.9"," 0"," 10.2","24"," 15.9"," 22.0","  28.9"," ","  10.4"," "," 0.03","G","  2.0","000000"
"71743099999","2021-11-22","57.92","-72.98","171.0","RIVIERE AUX FEUILLES, CA","  24.5","24","  19.3","24","1003.9","24","982.4","24","999.9"," 0"," 12.6","24"," 19.0"," 28.9","  28.9"," ","  19.8"," "," 0.01","G","  2.0","000000"
"71743099999","2021-11-23","57.92","-72.98","171.0","RIVIERE AUX FEUILLES, CA","  26.6","24","  23.0","24"," 993.6","24","972.3","24","999.9"," 0"," 11.5","24"," 22.9"," 31.9","  29.7"," ","  20.8"," "," 0.14","G","  2.4","000000"
"71743099999","2021-11-24","57.92","-72.98","171.0","RIVIERE AUX FEUILLES, CA","  22.0","24","  16.5","24","1009.8","24","988.1","24","999.9"," 0"," 15.2","24"," 23.9"," 34.0","  28.8"," ","  18.7"," "," 0.01","G","  2.0","000000"
"71743099999","2021-11-25","57.92","-72.98","171.0","RIVIERE AUX FEUILLES, CA","  23.4","24","  20.2","24","1017.8","24","995.9","24","999.9"," 0","  5.1","24"," 16.9"," 23.9","  26.1","*","  15.6","*"," 0.02","G","  2.0","000000"
"71743099999","2021-11-26","57.92","-72.98","171.0","RIVIERE AUX FEUILLES, CA","  20.0","24","  17.0","24","1015.1","24","993.1","24","999.9"," 0","  7.6","24"," 12.0","999.9","  25.9"," ","  15.6"," "," 0.04","G","  2.0","000000"
"71743099999","2021-11-27","57.92","-72.98","171.0","RIVIERE AUX FEUILLES, CA","  20.3","24","  17.1","24","1006.6","24","984.9","24","999.9"," 0"," 10.4","24"," 15.0"," 21.0","  23.2"," ","  16.9"," "," 0.08","G","  2.4","000000"
"71743099999","2021-11-28","57.92","-72.98","171.0","RIVIERE AUX FEUILLES, CA","  21.3","24","  18.5","24"," 999.0","24","977.4","24","999.9"," 0"," 10.6","24"," 13.0"," 16.9","  23.9","*","  15.8","*"," 0.08","G","  3.5","000000"
"71743099999","2021-11-29","57.92","-72.98","171.0","RIVIERE AUX FEUILLES, CA","  17.7","24","  13.2","24","1003.1","24","981.3","24","999.9"," 0"," 11.7","24"," 15.0"," 21.0","  23.4"," ","  10.2"," "," 0.01","G","  3.1","000000"
"71743099999","2021-11-30","57.92","-72.98","171.0","RIVIERE AUX FEUILLES, CA","  10.7","24","   7.9","24","1008.9","24","986.7","24","999.9"," 0","  3.2","24","  8.9","999.9","  18.5","*","  -4.4","*"," 0.00","G","  2.8","000000"
"71743099999","2021-12-01","57.92","-72.98","171.0","RIVIERE AUX FEUILLES, CA","  -6.4","24"," -10.8","24","1003.0","24","980.3","24","999.9"," 0","  2.2","24"," 11.1"," 15.9","  17.2"," "," -17.1"," "," 0.01","G","  2.4","000000"
"71743099999","2021-12-02","57.92","-72.98","171.0","RIVIERE AUX FEUILLES, CA","  11.5","24","   6.3","24","1000.1","24","978.1","24","999.9"," 0"," 10.6","24"," 15.0"," 19.0","  17.4","*","   0.7","*"," 0.01","G","  2.4","000000"
"71743099999","2021-12-03","57.92","-72.98","171.0","RIVIERE AUX FEUILLES, CA","  -4.3","24","  -8.2","24"," 998.1","24","975.5","24","999.9"," 0","  2.3","24","  7.0","999.9","  14.4"," "," -15.0"," "," 0.00","G","  2.4","000000"
"71743099999","2021-12-04","57.92","-72.98","171.0","RIVIERE AUX FEUILLES, CA","   5.5","24","   1.9","24"," 996.6","24","974.5","24","999.9"," 0","  7.6","24"," 14.0"," 18.1","  10.2","*","   0.3","*"," 0.01","G","  2.4","000000"
"71743099999","2021-12-05","57.92","-72.98","171.0","RIVIERE AUX FEUILLES, CA","   4.3","24","   0.7","24","1002.4","24","980.1","24","999.9"," 0"," 10.9","24"," 21.0"," 28.0","  16.0","*","  -0.8","*"," 0.00","G","  2.4","000000"
"71743099999","2021-12-06","57.92","-72.98","171.0","RIVIERE AUX FEUILLES, CA","   7.2","23","   1.9","23","1010.7","23","988.3","23","999.9"," 0"," 13.6","23"," 22.0"," 29.9","  16.2"," ","  -0.9"," "," 0.02","G","  2.4","000000"
"71743099999","2021-12-07","57.92","-72.98","171.0","RIVIERE AUX FEUILLES, CA","   9.0","22","   4.5","22"," 994.4","22","972.5","22","999.9"," 0"," 16.4","22"," 22.9"," 30.9","  15.4"," ","  -1.5"," "," 0.06","G","  2.0","000000"
"71743099999","2021-12-08","57.92","-72.98","171.0","RIVIERE AUX FEUILLES, CA","   8.8","24","   2.7","24","1007.3","24","985.1","24","999.9"," 0"," 11.2","24"," 21.0"," 28.0","  15.4"," ","   1.4"," "," 0.03","G","  2.0","000000"
"71743099999","2021-12-09","57.92","-72.98","171.0","RIVIERE AUX FEUILLES, CA","   1.2","24","  -4.5","24","1020.0","24","997.2","24","999.9"," 0","  9.8","24"," 15.0"," 20.0","   5.7","*","  -7.4","*"," 0.00","G","  2.0","000000"
"71743099999","2021-12-10","57.92","-72.98","171.0","RIVIERE AUX FEUILLES, CA","  -7.4","24"," -13.5","24","1015.1","24","992.1","24","999.9"," 0","  5.6","24"," 11.1"," 15.0","   5.9"," "," -14.1"," "," 0.00","G","  2.0","000000"
"71743099999","2021-12-11","57.92","-72.98","171.0","RIVIERE AUX FEUILLES, CA","  14.7","24","  10.0","24","1004.3","24","982.3","24","999.9"," 0","  9.8","24"," 17.1"," 22.9","  18.9","*","   5.4","*"," 0.04","G","  2.0","000000"
"71743099999","2021-12-12","57.92","-72.98","171.0","RIVIERE AUX FEUILLES, CA","  15.8","24","  11.7","24"," 989.3","24","967.8","24","999.9"," 0"," 12.6","24"," 19.0"," 24.9","  19.2"," ","  11.3"," "," 0.03","G","  2.0","000000"
"71743099999","2021-12-13","57.92","-72.98","171.0","RIVIERE AUX FEUILLES, CA","  16.9","24","  13.8","24"," 994.9","24","973.3","24","999.9"," 0","  9.7","24"," 13.0"," 15.0","  18.7","*","  11.7","*"," 0.12","G","  2.8","000000"
"71743099999","2021-12-14","57.92","-72.98","171.0","RIVIERE AUX FEUILLES, CA","  11.2","24","   6.8","24","1013.0","24","990.8","24","999.9"," 0","  8.7","24"," 15.9"," 19.0","  18.5"," ","   7.5"," "," 0.03","G","  5.1","000000"
"71743099999","2021-12-15","57.92","-72.98","171.0","RIVIERE AUX FEUILLES, CA","  11.6","24","   6.2","24","1027.0","24","004.5","24","999.9"," 0","  8.2","24"," 13.0","999.9","  14.7"," ","   6.4"," "," 0.00","G","  4.7","000000"
"71743099999","2021-12-16","57.92","-72.98","171.0","RIVIERE AUX FEUILLES, CA","  12.2","17","   7.1","17","1010.4","17","988.2","17","999.9"," 0"," 13.2","17"," 19.0"," 22.0","  19.8","*","   8.1","*"," 0.00","G","  3.9","000000"
"71743099999","2021-12-17","57.92","-72.98","171.0","RIVIERE AUX FEUILLES, CA","  27.4","22","  24.6","22"," 975.5","22","954.7","22","999.9"," 0"," 14.3","22"," 21.0"," 26.0","  34.7"," ","  10.2"," "," 0.14","G","  2.4","000000"
"71743099999","2021-12-18","57.92","-72.98","171.0","RIVIERE AUX FEUILLES, CA","  10.3","22","   5.7","22","1005.4","22","983.4","22","999.9"," 0"," 20.0","22"," 31.9"," 41.0","  21.2","*","   4.8","*"," 0.10","G","  2.0","000000"
"71743099999","2021-12-19","57.92","-72.98","171.0","RIVIERE AUX FEUILLES, CA","   2.9","24","  -1.6","24","1016.5","24","993.9","24","999.9"," 0","  5.7","24","  9.9","999.9","   7.7","*","  -9.9","*"," 0.00","G","  2.0","000000"
"71743099999","2021-12-20","57.92","-72.98","171.0","RIVIERE AUX FEUILLES, CA","   0.6","24","  -4.6","24","1015.1","24","992.4","24","999.9"," 0","  8.2","24"," 15.9"," 19.0","   5.9"," "," -12.6"," "," 0.01","G","  2.4","000000"
"71743099999","2021-12-21","57.92","-72.98","171.0","RIVIERE AUX FEUILLES, CA","  -5.1","24"," -11.2","24","1004.1","24","981.5","24","999.9"," 0","  6.0","24"," 12.0"," 18.1","  -1.3","*"," -11.7","*"," 0.00","G","  2.0","000000"
"71743099999","2021-12-22","57.92","-72.98","171.0","RIVIERE AUX FEUILLES, CA","  -7.9","24"," -12.8","24","1008.5","24","985.6","24","999.9"," 0","  2.2","24","  8.0","999.9","   6.4"," "," -21.1"," "," 0.01","G","  2.0","000000"
"71743099999","2021-12-23","57.92","-72.98","171.0","RIVIERE AUX FEUILLES, CA","  -2.1","24","  -7.1","24","1008.1","24","985.5","24","999.9"," 0","  4.9","24","  8.9","999.9","   3.0","*","  -5.4","*"," 0.02","G","  2.4","000000"
"71743099999","2021-12-24","57.92","-72.98","171.0","RIVIERE AUX FEUILLES, CA","   1.9","24","  -2.9","24","1011.9","24","989.3","24","999.9"," 0","  7.4","24"," 15.0"," 21.0","   7.0","*","  -1.7","*"," 0.05","G","  2.8","000000"
"71743099999","2021-12-25","57.92","-72.98","171.0","RIVIERE AUX FEUILLES, CA","   7.9","24","   4.5","24","1013.4","24","991.0","24","999.9"," 0","  3.1","24","  8.0","999.9","  11.3","*","   4.8","*"," 0.00","G","  2.0","000000"
"71743099999","2021-12-26","57.92","-72.98","171.0","RIVIERE AUX FEUILLES, CA","   4.2","24","   0.8","24","1012.3","24","989.9","24","999.9"," 0","  0.9","24","  5.1","999.9","  13.5","*","  -6.2","*"," 0.01","G","  2.0","000000"
"71743099999","2021-12-27","57.92","-72.98","171.0","RIVIERE AUX FEUILLES, CA","   5.8","24","   0.5","24","1016.7","24","994.1","24","999.9"," 0"," 10.5","24"," 15.0"," 21.0","  13.8"," ","  -6.7"," "," 0.02","G","  2.4","000000"
"71743099999","2021-12-28","57.92","-72.98","171.0","RIVIERE AUX FEUILLES, CA","   0.9","24","  -4.8","24","1017.6","24","994.9","24","999.9"," 0","  5.5","24"," 13.0"," 18.1","   5.9","*","  -4.9","*"," 0.01","G","  2.0","000000"
"71743099999","2021-12-29","57.92","-72.98","171.0","RIVIERE AUX FEUILLES, CA","   4.3","24","   0.4","24","1017.2","24","994.6","24","999.9"," 0","  1.8","24","  4.1","999.9","   7.7"," ","  -5.4"," "," 0.04","G","  2.8","000000"
"71743099999","2021-12-30","57.92","-72.98","171.0","RIVIERE AUX FEUILLES, CA","   4.5","24","  -0.5","24","1009.9","24","987.5","24","999.9"," 0","  8.5","24"," 16.9"," 20.0","  14.2","*","  -4.4","*"," 0.00","G","  2.4","000000"
"71743099999","2021-12-31","57.92","-72.98","171.0","RIVIERE AUX FEUILLES, CA","  -2.9","24","  -9.8","24","1009.3","24","986.6","24","999.9"," 0","  7.7","24"," 13.0","999.9","   1.0","*","  -9.8","*"," 0.01","G","  2.0","000000"
