country,date,new_cases,cases
Brazil,2020-01-20,0,0
Brazil,2020-01-27,0,0
Brazil,2020-02-03,0,0
Brazil,2020-02-10,0,0
Brazil,2020-02-17,0,0
Brazil,2020-02-24,2,2
Brazil,2020-03-02,18,20
Brazil,2020-03-09,142,162
Brazil,2020-03-16,1384,1546
Brazil,2020-03-23,2710,4256
Brazil,2020-03-30,6874,11130
Brazil,2020-04-06,11062,22192
Brazil,2020-04-13,16462,38654
Brazil,2020-04-20,24446,63100
Brazil,2020-04-27,38726,101826
Brazil,2020-05-04,60873,162699
Brazil,2020-05-11,78381,241080
Brazil,2020-05-18,124953,366033
Brazil,2020-05-25,150104,516137
Brazil,2020-06-01,178744,694881
Brazil,2020-06-08,173824,868705
Brazil,2020-06-15,217831,1086536
Brazil,2020-06-22,264903,1351439
Brazil,2020-06-29,254256,1605695
Brazil,2020-07-06,262281,1867976
Brazil,2020-07-13,233423,2101399
Brazil,2020-07-20,320267,2421666
Brazil,2020-07-27,314392,2736058
Brazil,2020-08-03,305069,3041127
Brazil,2020-08-10,301987,3343114
Brazil,2020-08-17,265345,3608459
Brazil,2020-08-24,256145,3864604
Brazil,2020-08-31,275884,4140488
Brazil,2020-09-07,192503,4332991
Brazil,2020-09-14,213596,4546587
Brazil,2020-09-21,188158,4734745
Brazil,2020-09-28,182944,4917689
Brazil,2020-10-05,179015,5096704
Brazil,2020-10-12,141688,5238392
Brazil,2020-10-19,158204,5396596
Brazil,2020-10-26,151355,5547951
Brazil,2020-11-02,118438,5666389
Brazil,2020-11-09,198906,5865295
Brazil,2020-11-16,208766,6074061
Brazil,2020-11-23,244209,6318270
Brazil,2020-11-30,288677,6606947
Brazil,2020-12-07,299864,6906811
Brazil,2020-12-14,335814,7242625
Brazil,2020-12-21,244530,7487155
Brazil,2020-12-28,249359,7736514
Brazil,2021-01-04,373604,8110118
Brazil,2021-01-11,382285,8492403
Brazil,2021-01-18,357931,8850334
Brazil,2021-01-25,358187,9208521
Brazil,2021-02-01,320451,9528972
Brazil,2021-02-08,319036,9848008
Brazil,2021-02-15,325809,10173817
Brazil,2021-02-22,384274,10558091
Brazil,2021-03-01,470094,11028185
Brazil,2021-03-08,462679,11490864
Brazil,2021-03-15,515395,12006259
Brazil,2021-03-22,539352,12545611
Brazil,2021-03-29,446602,12992213
Brazil,2021-04-05,498894,13491107
Brazil,2021-04-12,459890,13950997
Brazil,2021-04-19,397964,14348961
Brazil,2021-04-26,413723,14762684
Brazil,2021-05-03,428511,15191195
Brazil,2021-05-10,445514,15636709
Brazil,2021-05-17,457075,16093784
Brazil,2021-05-24,427497,16521281
Brazil,2021-05-31,433046,16954327
Brazil,2021-06-07,468609,17422936
Brazil,2021-06-14,510818,17933754
Brazil,2021-06-21,491384,18425138
Brazil,2021-06-28,349055,18774193
Brazil,2021-07-05,319652,19093845
Brazil,2021-07-12,286986,19380831
Brazil,2021-07-19,312446,19693277
Brazil,2021-07-26,249222,19942499
Brazil,2021-08-02,227490,20169989
Brazil,2021-08-09,198369,20368358
Brazil,2021-08-16,206860,20575218
Brazil,2021-08-23,170331,20745549
Brazil,2021-08-30,149008,20894557
Brazil,2021-09-06,108859,21003416
Brazil,2021-09-13,240332,21243748
Brazil,2021-09-20,123549,21367297
Brazil,2021-09-27,104666,21471963
Brazil,2021-10-04,108576,21580539
Brazil,2021-10-11,68196,21648735
Brazil,2021-10-18,85085,21733820
Brazil,2021-10-25,80805,21814625
Brazil,2021-11-01,69933,21884558
Brazil,2021-11-08,77468,21962026
Brazil,2021-11-15,59501,22021527
Brazil,2021-11-22,63842,22085369
Brazil,2021-11-29,61709,22147078
Brazil,2021-12-06,46402,22193480
Brazil,2021-12-13,24090,22217570
Brazil,2021-12-20,25696,22243266
Brazil,2021-12-27,54161,22297427
Brazil,2022-01-03,231756,22529183
Brazil,2022-01-10,485945,23015128
Brazil,2022-01-17,1039277,24054405
Brazil,2022-01-24,1306242,25360647
Brazil,2022-01-31,1185752,26546399
Brazil,2022-02-07,946505,27492904
Brazil,2022-02-14,725276,28218180
Brazil,2022-02-21,558614,28776794
Brazil,2022-02-28,279731,29056525
Brazil,2022-03-07,318308,29374833
Brazil,2022-03-14,262981,29637814
Brazil,2022-03-21,211926,29849740
Brazil,2022-03-28,153045,30002785
Brazil,2022-04-04,151194,30153979
Brazil,2022-04-11,98639,30252618
Brazil,2022-04-18,96845,30349463
Brazil,2022-04-25,105036,30454499
Brazil,2022-05-02,110037,30564536
Brazil,2022-05-09,123854,30688390
Brazil,2022-05-16,102830,30791220
Brazil,2022-05-23,162359,30953579
Brazil,2022-05-30,183900,31137479
Brazil,2022-06-06,319386,31456865
Brazil,2022-06-13,154904,31611769
Brazil,2022-06-20,411397,32023166
Brazil,2022-06-27,467256,32490422
Brazil,2022-07-04,406042,32896464
Brazil,2022-07-11,404654,33301118
Brazil,2022-07-18,290238,33591356
Brazil,2022-07-25,242544,33833900
Brazil,2022-08-01,184471,34018371
Brazil,2022-08-08,129760,34148131
Brazil,2022-08-15,116106,34264237
Brazil,2022-08-22,104672,34368909
Brazil,2022-08-29,87236,34456145
Brazil,2022-09-05,60594,34516739
Brazil,2022-09-12,52094,34568833
Brazil,2022-09-19,55594,34624427
Brazil,2022-09-26,48097,34672524
Brazil,2022-10-03,34709,34707233
Brazil,2022-10-10,39229,34746462
Brazil,2022-10-17,34000,34780462
Brazil,2022-10-24,34796,34815258
Brazil,2022-10-31,33805,34849063
Brazil,2022-11-07,59135,34908198
Brazil,2022-11-14,91297,34999495
Brazil,2022-11-21,150008,35149503
Brazil,2022-11-28,188043,35337546
Brazil,2022-12-05,194170,35531716
Brazil,2022-12-12,337810,35869526
Brazil,2022-12-19,223319,36092845
Brazil,2022-12-26,238436,36331281
Brazil,2023-01-02,145933,36477214
Brazil,2023-01-09,150885,36628099
Brazil,2023-01-16,89954,36718053
Brazil,2023-01-23,76208,36794261
Brazil,2023-01-30,73140,36867401
Brazil,2023-02-06,65429,36932830
Brazil,2023-02-13,54852,36987682
Brazil,2023-02-20,32849,37020531
Brazil,2023-02-27,60678,37081209
Brazil,2023-03-06,-5156,37076053
Chile,2020-01-20,0,0
Chile,2020-01-27,0,0
Chile,2020-02-03,0,0
Chile,2020-02-10,0,0
Chile,2020-02-17,2,2
Chile,2020-02-24,7,9
Chile,2020-03-02,11,20
Chile,2020-03-09,81,101
Chile,2020-03-16,586,687
Chile,2020-03-23,1558,2245
Chile,2020-03-30,2420,4665
Chile,2020-04-06,2987,7652
Chile,2020-04-13,3304,10956
Chile,2020-04-20,4054,15010
Chile,2020-04-27,7431,22441
Chile,2020-05-04,11414,33855
Chile,2020-05-11,18514,52369
Chile,2020-05-18,31627,83996
Chile,2020-05-25,39554,123550
Chile,2020-06-01,43206,166756
Chile,2020-06-08,41816,208572
Chile,2020-06-15,33783,242355
Chile,2020-06-22,29627,271982
Chile,2020-06-29,23550,295532
Chile,2020-07-06,19509,315041
Chile,2020-07-13,15889,330930
Chile,2020-07-20,14860,345790
Chile,2020-07-27,13941,359731
Chile,2020-08-03,13325,373056
Chile,2020-08-10,12890,385946
Chile,2020-08-17,11719,397665
Chile,2020-08-24,12309,409974
Chile,2020-08-31,12536,422510
Chile,2020-09-07,12238,434748
Chile,2020-09-14,11526,446274
Chile,2020-09-21,11627,457901
Chile,2020-09-28,12278,470179
Chile,2020-10-05,11192,481371
Chile,2020-10-12,10389,491760
Chile,2020-10-19,10303,502063
Chile,2020-10-26,9801,511864
Chile,2020-11-02,9694,521558
Chile,2020-11-09,9715,531273
Chile,2020-11-16,9367,540640
Chile,2020-11-23,9790,550430
Chile,2020-11-30,9952,560382
Chile,2020-12-07,11537,571919
Chile,2020-12-14,13627,585546
Chile,2020-12-21,14559,600105
Chile,2020-12-28,18086,618191
Chile,2021-01-04,23732,641923
Chile,2021-01-11,27909,669832
Chile,2021-01-18,29278,699110
Chile,2021-01-25,27999,727109
Chile,2021-02-01,24777,751886
Chile,2021-02-08,24323,776209
Chile,2021-02-15,23251,799460
Chile,2021-02-22,25165,824625
Chile,2021-03-01,31160,855785
Chile,2021-03-08,35325,891110
Chile,2021-03-15,40829,931939
Chile,2021-03-22,45304,977243
Chile,2021-03-29,49542,1026785
Chile,2021-04-05,49714,1076499
Chile,2021-04-12,48219,1124718
Chile,2021-04-19,44818,1169536
Chile,2021-04-26,41384,1210920
Chile,2021-05-03,36549,1247469
Chile,2021-05-10,39079,1286548
Chile,2021-05-17,43370,1329918
Chile,2021-05-24,47589,1377507
Chile,2021-05-31,50449,1427956
Chile,2021-06-07,48517,1476473
Chile,2021-06-14,40545,1517018
Chile,2021-06-21,30085,1547103
Chile,2021-06-28,22681,1569784
Chile,2021-07-05,17694,1587478
Chile,2021-07-12,12401,1599879
Chile,2021-07-19,9298,1609177
Chile,2021-07-26,7765,1616942
Chile,2021-08-02,6421,1623363
Chile,2021-08-09,5829,1629192
Chile,2021-08-16,4624,1633816
Chile,2021-08-23,4013,1637829
Chile,2021-08-30,3262,1641091
Chile,2021-09-06,2980,1644071
Chile,2021-09-13,3398,1647469
Chile,2021-09-20,4281,1651750
Chile,2021-09-27,4852,1656602
Chile,2021-10-04,5831,1662433
Chile,2021-10-11,8317,1670750
Chile,2021-10-18,11078,1681828
Chile,2021-10-25,13220,1695048
Chile,2021-11-01,14141,1709189
Chile,2021-11-08,17283,1726472
Chile,2021-11-15,16665,1743137
Chile,2021-11-22,16268,1759405
Chile,2021-11-29,13142,1772547
Chile,2021-12-06,10257,1782804
Chile,2021-12-13,8972,1791776
Chile,2021-12-20,8504,1800280
Chile,2021-12-27,10022,1810302
Chile,2022-01-03,19135,1829437
Chile,2022-01-10,47173,1876610
Chile,2022-01-17,88783,1965393
Chile,2022-01-24,172350,2137743
Chile,2022-01-31,234090,2371833
Chile,2022-02-07,249594,2621427
Chile,2022-02-14,229955,2851382
Chile,2022-02-21,190018,3041400
Chile,2022-02-28,147048,3188448
Chile,2022-03-07,113299,3301747
Chile,2022-03-14,91231,3392978
Chile,2022-03-21,57116,3450094
Chile,2022-03-28,36559,3486653
Chile,2022-04-04,25367,3512020
Chile,2022-04-11,18238,3530258
Chile,2022-04-18,16235,3546493
Chile,2022-04-25,14523,3561016
Chile,2022-05-02,15123,3576139
Chile,2022-05-09,29383,3605522
Chile,2022-05-16,37614,3643136
Chile,2022-05-23,50105,3693241
Chile,2022-05-30,55378,3748619
Chile,2022-06-06,71390,3820009
Chile,2022-06-13,73717,3893726
Chile,2022-06-20,65599,3959325
Chile,2022-06-27,64372,4023697
Chile,2022-07-04,60611,4084308
Chile,2022-07-11,52844,4137152
Chile,2022-07-18,48095,4185247
Chile,2022-07-25,56299,4241546
Chile,2022-08-01,65409,4306955
Chile,2022-08-08,73193,4380148
Chile,2022-08-15,61925,4442073
Chile,2022-08-22,52331,4494404
Chile,2022-08-29,38158,4532562
Chile,2022-09-05,31245,4563807
Chile,2022-09-12,4688,4568495
Chile,2022-09-19,39071,4607566
Chile,2022-09-26,23369,4630935
Chile,2022-10-03,21841,4652776
Chile,2022-10-10,25868,4678644
Chile,2022-10-17,36454,4715098
Chile,2022-10-24,41108,4756206
Chile,2022-10-31,37696,4793902
Chile,2022-11-07,44756,4838658
Chile,2022-11-14,38590,4877248
Chile,2022-11-21,32630,4909878
Chile,2022-11-28,27169,4937047
Chile,2022-12-05,21769,4958816
Chile,2022-12-12,24276,4983092
Chile,2022-12-19,26969,5010061
Chile,2022-12-26,31817,5041878
Chile,2023-01-02,24640,5066518
Chile,2023-01-09,21037,5087555
Chile,2023-01-16,16357,5103912
Chile,2023-01-23,12856,5116768
Chile,2023-01-30,11362,5128130
Chile,2023-02-06,10602,5138732
Chile,2023-02-13,10569,5149301
Chile,2023-02-20,14015,5163316
Chile,2023-02-27,17013,5180329
Chile,2023-03-06,11957,5192286
Colombia,2020-01-20,0,0
Colombia,2020-01-27,0,0
Colombia,2020-02-03,0,0
Colombia,2020-02-10,0,0
Colombia,2020-02-17,0,0
Colombia,2020-02-24,0,0
Colombia,2020-03-02,1,1
Colombia,2020-03-09,33,34
Colombia,2020-03-16,197,231
Colombia,2020-03-23,471,702
Colombia,2020-03-30,783,1485
Colombia,2020-04-06,1291,2776
Colombia,2020-04-13,1016,3792
Colombia,2020-04-20,1587,5379
Colombia,2020-04-27,2289,7668
Colombia,2020-05-04,3395,11063
Colombia,2020-05-11,4511,15574
Colombia,2020-05-18,5601,21175
Colombia,2020-05-25,8208,29383
Colombia,2020-06-01,9853,39236
Colombia,2020-06-08,11703,50939
Colombia,2020-06-15,17713,68652
Colombia,2020-06-22,23117,91769
Colombia,2020-06-29,25341,117110
Colombia,2020-07-06,33335,150445
Colombia,2020-07-13,46833,197278
Colombia,2020-07-20,51698,248976
Colombia,2020-07-27,68675,317651
Colombia,2020-08-03,69830,387481
Colombia,2020-08-10,80851,468332
Colombia,2020-08-17,72807,541139
Colombia,2020-08-24,66765,607904
Colombia,2020-08-31,58617,666521
Colombia,2020-09-07,49798,716319
Colombia,2020-09-14,48757,765076
Colombia,2020-09-21,47980,813056
Colombia,2020-09-28,41996,855052
Colombia,2020-10-05,56264,911316
Colombia,2020-10-12,48256,959572
Colombia,2020-10-19,56313,1015885
Colombia,2020-10-26,67436,1083321
Colombia,2020-11-02,60566,1143887
Colombia,2020-11-09,54859,1198746
Colombia,2020-11-16,49671,1248417
Colombia,2020-11-23,59959,1308376
Colombia,2020-11-30,62727,1371103
Colombia,2020-12-07,54671,1425774
Colombia,2020-12-14,81448,1507222
Colombia,2020-12-21,87275,1594497
Colombia,2020-12-28,81323,1675820
Colombia,2021-01-04,111080,1786900
Colombia,2021-01-11,121513,1908413
Colombia,2021-01-18,107072,2015485
Colombia,2021-01-25,79399,2094884
Colombia,2021-02-01,62332,2157216
Colombia,2021-02-08,37823,2195039
Colombia,2021-02-15,31223,2226262
Colombia,2021-02-22,25428,2251690
Colombia,2021-03-01,24966,2276656
Colombia,2021-03-08,26488,2303144
Colombia,2021-03-15,34086,2337230
Colombia,2021-03-22,45500,2382730
Colombia,2021-03-29,63489,2446219
Colombia,2021-04-05,89979,2536198
Colombia,2021-04-12,116749,2652947
Colombia,2021-04-19,121517,2774464
Colombia,2021-04-26,119191,2893655
Colombia,2021-05-03,109103,3002758
Colombia,2021-05-10,115668,3118426
Colombia,2021-05-17,114030,3232456
Colombia,2021-05-24,150823,3383279
Colombia,2021-05-31,187788,3571067
Colombia,2021-06-07,182157,3753224
Colombia,2021-06-14,191942,3945166
Colombia,2021-06-21,213550,4158716
Colombia,2021-06-28,191779,4350495
Colombia,2021-07-05,161465,4511960
Colombia,2021-07-12,127506,4639466
Colombia,2021-07-19,88380,4727846
Colombia,2021-07-26,66568,4794414
Colombia,2021-08-02,44570,4838984
Colombia,2021-08-09,28777,4867761
Colombia,2021-08-16,21776,4889537
Colombia,2021-08-23,15721,4905258
Colombia,2021-08-30,13391,4918649
Colombia,2021-09-06,11600,4930249
Colombia,2021-09-13,10815,4941064
Colombia,2021-09-20,10611,4951675
Colombia,2021-09-27,10379,4962054
Colombia,2021-10-04,10182,4972236
Colombia,2021-10-11,9296,4981532
Colombia,2021-10-18,9518,4991050
Colombia,2021-10-25,11337,5002387
Colombia,2021-11-01,12655,5015042
Colombia,2021-11-08,16903,5031945
Colombia,2021-11-15,16116,5048061
Colombia,2021-11-22,17312,5065373
Colombia,2021-11-29,15691,5081064
Colombia,2021-12-06,12470,5093534
Colombia,2021-12-13,13789,5107323
Colombia,2021-12-20,17367,5124690
Colombia,2021-12-27,56483,5181173
Colombia,2022-01-03,149489,5330662
Colombia,2022-01-10,213134,5543796
Colombia,2022-01-17,196383,5740179
Colombia,2022-01-24,131798,5871977
Colombia,2022-01-31,94729,5966706
Colombia,2022-02-07,53389,6020095
Colombia,2022-02-14,26947,6047042
Colombia,2022-02-21,15659,6062701
Colombia,2022-02-28,9003,6071704
Colombia,2022-03-07,5115,6076819
Colombia,2022-03-14,4312,6081131
Colombia,2022-03-21,2512,6083643
Colombia,2022-03-28,2283,6085926
Colombia,2022-04-04,2108,6088034
Colombia,2022-04-11,1628,6089662
Colombia,2022-04-18,1681,6091343
Colombia,2022-04-25,1324,6092667
Colombia,2022-05-02,978,6093645
Colombia,2022-05-09,1671,6095316
Colombia,2022-05-16,3795,6099111
Colombia,2022-05-23,4344,6103455
Colombia,2022-05-30,5650,6109105
Colombia,2022-06-06,8742,6117847
Colombia,2022-06-13,13810,6131657
Colombia,2022-06-20,19697,6151354
Colombia,2022-06-27,23827,6175181
Colombia,2022-07-04,23667,6198848
Colombia,2022-07-11,24649,6223497
Colombia,2022-07-18,24137,6247634
Colombia,2022-07-25,18164,6265798
Colombia,2022-08-01,13200,6278998
Colombia,2022-08-08,7394,6286392
Colombia,2022-08-15,6738,6293130
Colombia,2022-08-22,6465,6299595
Colombia,2022-08-29,3214,6302809
Colombia,2022-09-05,1508,6304317
Colombia,2022-09-12,1245,6305562
Colombia,2022-09-19,990,6306552
Colombia,2022-09-26,820,6307372
Colombia,2022-10-03,715,6308087
Colombia,2022-10-10,471,6308558
Colombia,2022-10-17,610,6309168
Colombia,2022-10-24,548,6309716
Colombia,2022-10-31,616,6310332
Colombia,2022-11-07,1027,6311359
Colombia,2022-11-14,1298,6312657
Colombia,2022-11-21,0,6312657
Colombia,2022-11-28,1450,6314107
Colombia,2022-12-05,2903,6317010
Colombia,2022-12-12,5271,6322281
Colombia,2022-12-19,6708,6328989
Colombia,2022-12-26,7671,6336660
Colombia,2023-01-02,6360,6343020
Colombia,2023-01-09,39,6343059
Colombia,2023-01-16,5297,6348356
Colombia,2023-01-23,4567,6352923
Colombia,2023-01-30,2212,6355135
Colombia,2023-02-06,502,6355637
Colombia,2023-02-13,831,6356468
Colombia,2023-02-20,705,6357173
Colombia,2023-02-27,1059,6358232
Colombia,2023-03-06,861,6359093
Dominican Republic,2020-01-20,0,0
Dominican Republic,2020-01-27,0,0
Dominican Republic,2020-02-03,0,0
Dominican Republic,2020-02-10,0,0
Dominican Republic,2020-02-17,0,0
Dominican Republic,2020-02-24,1,1
Dominican Republic,2020-03-02,4,5
Dominican Republic,2020-03-09,6,11
Dominican Republic,2020-03-16,191,202
Dominican Republic,2020-03-23,657,859
Dominican Republic,2020-03-30,886,1745
Dominican Republic,2020-04-06,1222,2967
Dominican Republic,2020-04-13,1713,4680
Dominican Republic,2020-04-20,1455,6135
Dominican Republic,2020-04-27,1819,7954
Dominican Republic,2020-05-04,2393,10347
Dominican Republic,2020-05-11,1967,12314
Dominican Republic,2020-05-18,2487,14801
Dominican Republic,2020-05-25,2484,17285
Dominican Republic,2020-06-01,2315,19600
Dominican Republic,2020-06-08,3362,22962
Dominican Republic,2020-06-15,3715,26677
Dominican Republic,2020-06-22,4696,31373
Dominican Republic,2020-06-29,6052,37425
Dominican Republic,2020-07-06,7107,44532
Dominican Republic,2020-07-13,8323,52855
Dominican Republic,2020-07-20,10053,62908
Dominican Republic,2020-07-27,9335,72243
Dominican Republic,2020-08-03,7489,79732
Dominican Republic,2020-08-10,6577,86309
Dominican Republic,2020-08-17,4852,91161
Dominican Republic,2020-08-24,3080,94241
Dominican Republic,2020-08-31,5092,99333
Dominican Republic,2020-09-07,4327,103660
Dominican Republic,2020-09-14,4629,108289
Dominican Republic,2020-09-21,3097,111386
Dominican Republic,2020-09-28,3094,114480
Dominican Republic,2020-10-05,3997,118477
Dominican Republic,2020-10-12,2870,121347
Dominican Republic,2020-10-19,3180,124527
Dominican Republic,2020-10-26,2805,127332
Dominican Republic,2020-11-02,2850,130182
Dominican Republic,2020-11-09,3542,133724
Dominican Republic,2020-11-16,4686,138410
Dominican Republic,2020-11-23,5063,143473
Dominican Republic,2020-11-30,4980,148453
Dominican Republic,2020-12-07,6239,154692
Dominican Republic,2020-12-14,5694,160386
Dominican Republic,2020-12-21,6378,166764
Dominican Republic,2020-12-28,6567,173331
Dominican Republic,2021-01-04,8772,182103
Dominican Republic,2021-01-11,11015,193118
Dominican Republic,2021-01-18,10828,203946
Dominican Republic,2021-01-25,10114,214060
Dominican Republic,2021-02-01,9338,223398
Dominican Republic,2021-02-08,6370,229768
Dominican Republic,2021-02-15,5694,235462
Dominican Republic,2021-02-22,4155,239617
Dominican Republic,2021-03-01,3630,243247
Dominican Republic,2021-03-08,2798,246045
Dominican Republic,2021-03-15,3418,249463
Dominican Republic,2021-03-22,2520,251983
Dominican Republic,2021-03-29,2312,254295
Dominican Republic,2021-04-05,3403,257698
Dominican Republic,2021-04-12,3431,261129
Dominican Republic,2021-04-19,3734,264863
Dominican Republic,2021-04-26,2592,267455
Dominican Republic,2021-05-03,4093,271548
Dominican Republic,2021-05-10,5640,277188
Dominican Republic,2021-05-17,6541,283729
Dominican Republic,2021-05-24,8181,291910
Dominican Republic,2021-05-31,9168,301078
Dominican Republic,2021-06-07,7572,308650
Dominican Republic,2021-06-14,8137,316787
Dominican Republic,2021-06-21,5991,322778
Dominican Republic,2021-06-28,6164,328942
Dominican Republic,2021-07-05,4739,333681
Dominican Republic,2021-07-12,3894,337575
Dominican Republic,2021-07-19,2478,340053
Dominican Republic,2021-07-26,2214,342267
Dominican Republic,2021-08-02,2228,344495
Dominican Republic,2021-08-09,1681,346176
Dominican Republic,2021-08-16,1659,347835
Dominican Republic,2021-08-23,2024,349859
Dominican Republic,2021-08-30,1879,351738
Dominican Republic,2021-09-06,1565,353303
Dominican Republic,2021-09-13,1847,355150
Dominican Republic,2021-09-20,1999,357149
Dominican Republic,2021-09-27,3681,360830
Dominican Republic,2021-10-04,4728,365558
Dominican Republic,2021-10-11,4893,370451
Dominican Republic,2021-10-18,5821,376272
Dominican Republic,2021-10-25,5395,381667
Dominican Republic,2021-11-01,6498,388165
Dominican Republic,2021-11-08,7691,395856
Dominican Republic,2021-11-15,6875,402731
Dominican Republic,2021-11-22,4072,406803
Dominican Republic,2021-11-29,1713,408516
Dominican Republic,2021-12-06,1749,410265
Dominican Republic,2021-12-13,1456,411721
Dominican Republic,2021-12-20,2505,414226
Dominican Republic,2021-12-27,7727,421953
Dominican Republic,2022-01-03,35274,457227
Dominican Republic,2022-01-10,41356,498583
Dominican Republic,2022-01-17,40997,539580
Dominican Republic,2022-01-24,14472,554052
Dominican Republic,2022-01-31,8561,562613
Dominican Republic,2022-02-07,6833,569446
Dominican Republic,2022-02-14,2410,571856
Dominican Republic,2022-02-21,2215,574071
Dominican Republic,2022-02-28,1878,575949
Dominican Republic,2022-03-07,692,576641
Dominican Republic,2022-03-14,676,577317
Dominican Republic,2022-03-21,524,577841
Dominican Republic,2022-03-28,289,578130
Dominican Republic,2022-04-04,401,578531
Dominican Republic,2022-04-11,202,578733
Dominican Republic,2022-04-18,381,579114
Dominican Republic,2022-04-25,329,579443
Dominican Republic,2022-05-02,300,579743
Dominican Republic,2022-05-09,669,580412
Dominican Republic,2022-05-16,741,581153
Dominican Republic,2022-05-23,2006,583159
Dominican Republic,2022-05-30,3767,586926
Dominican Republic,2022-06-06,3838,590764
Dominican Republic,2022-06-13,5163,595927
Dominican Republic,2022-06-20,7329,603256
Dominican Republic,2022-06-27,4920,608176
Dominican Republic,2022-07-04,7848,616024
Dominican Republic,2022-07-11,5023,621047
Dominican Republic,2022-07-18,4109,625156
Dominican Republic,2022-07-25,3057,628213
Dominican Republic,2022-08-01,4442,632655
Dominican Republic,2022-08-08,2211,634866
Dominican Republic,2022-08-15,1550,636416
Dominican Republic,2022-08-22,1157,637573
Dominican Republic,2022-08-29,2491,640064
Dominican Republic,2022-09-05,1613,641677
Dominican Republic,2022-09-12,2339,644016
Dominican Republic,2022-09-19,340,644356
Dominican Republic,2022-09-26,1596,645952
Dominican Republic,2022-10-03,257,646209
Dominican Republic,2022-10-10,996,647205
Dominican Republic,2022-10-17,0,647205
Dominican Republic,2022-10-24,0,647205
Dominican Republic,2022-10-31,220,647425
Dominican Republic,2022-11-07,292,647717
Dominican Republic,2022-11-14,151,647868
Dominican Republic,2022-11-21,1966,649834
Dominican Republic,2022-11-28,1156,650990
Dominican Republic,2022-12-05,0,650990
Dominican Republic,2022-12-12,4550,655540
Dominican Republic,2022-12-19,0,655540
Dominican Republic,2022-12-26,0,655540
Dominican Republic,2023-01-02,3671,659211
Dominican Republic,2023-01-09,395,659606
Dominican Republic,2023-01-16,155,659761
Dominican Republic,2023-01-23,334,660095
Dominican Republic,2023-01-30,0,660095
Dominican Republic,2023-02-06,317,660412
Dominican Republic,2023-02-13,80,660492
Dominican Republic,2023-02-20,41,660533
Dominican Republic,2023-02-27,172,660705
Dominican Republic,2023-03-06,85,660790
Germany,2020-01-20,0,0
Germany,2020-01-27,10,10
Germany,2020-02-03,4,14
Germany,2020-02-10,2,16
Germany,2020-02-17,0,16
Germany,2020-02-24,101,117
Germany,2020-03-02,785,902
Germany,2020-03-09,3936,4838
Germany,2020-03-16,13772,18610
Germany,2020-03-23,33937,52547
Germany,2020-03-30,39167,91714
Germany,2020-04-06,28765,120479
Germany,2020-04-13,19418,139897
Germany,2020-04-20,14278,154175
Germany,2020-04-27,8321,162496
Germany,2020-05-04,6722,169218
Germany,2020-05-11,5137,174355
Germany,2020-05-18,3926,178281
Germany,2020-05-25,3201,181482
Germany,2020-06-01,2497,183979
Germany,2020-06-08,2290,186269
Germany,2020-06-15,3553,189822
Germany,2020-06-22,3677,193499
Germany,2020-06-29,2836,196335
Germany,2020-07-06,2469,198804
Germany,2020-07-13,2770,201574
Germany,2020-07-20,3695,205269
Germany,2020-07-27,4624,209893
Germany,2020-08-03,5998,215891
Germany,2020-08-10,7562,223453
Germany,2020-08-17,9411,232864
Germany,2020-08-24,8907,241771
Germany,2020-08-31,8214,249985
Germany,2020-09-07,9443,259428
Germany,2020-09-14,11987,271415
Germany,2020-09-21,12725,284140
Germany,2020-09-28,15097,299237
Germany,2020-10-05,23627,322864
Germany,2020-10-12,39110,361974
Germany,2020-10-19,67207,429181
Germany,2020-10-26,103749,532930
Germany,2020-11-02,125575,658505
Germany,2020-11-09,131998,790503
Germany,2020-11-16,127766,918269
Germany,2020-11-23,124431,1042700
Germany,2020-11-30,128623,1171323
Germany,2020-12-07,149393,1320716
Germany,2020-12-14,173293,1494009
Germany,2020-12-21,146849,1640858
Germany,2020-12-28,124808,1765666
Germany,2021-01-04,142861,1908527
Germany,2021-01-11,124991,2033518
Germany,2021-01-18,101418,2134936
Germany,2021-01-25,81427,2216363
Germany,2021-02-01,67647,2284010
Germany,2021-02-08,50551,2334561
Germany,2021-02-15,51998,2386559
Germany,2021-02-22,55777,2442336
Germany,2021-03-01,57846,2500182
Germany,2021-03-08,69063,2569245
Germany,2021-03-15,90271,2659516
Germany,2021-03-22,112885,2772401
Germany,2021-03-29,112985,2885386
Germany,2021-04-05,112882,2998268
Germany,2021-04-12,143994,3142262
Germany,2021-04-19,145156,3287418
Germany,2021-04-26,129404,3416822
Germany,2021-05-03,103507,3520329
Germany,2021-05-10,73105,3593434
Germany,2021-05-17,55524,3648958
Germany,2021-05-24,30190,3679148
Germany,2021-05-31,21219,3700367
Germany,2021-06-07,14602,3714969
Germany,2021-06-14,7012,3721981
Germany,2021-06-21,4729,3726710
Germany,2021-06-28,2972,3729682
Germany,2021-07-05,4786,3734468
Germany,2021-07-12,7313,3741781
Germany,2021-07-19,10811,3752592
Germany,2021-07-26,14173,3766765
Germany,2021-08-02,17668,3784433
Germany,2021-08-09,26208,3810641
Germany,2021-08-16,42414,3853055
Germany,2021-08-23,60773,3913828
Germany,2021-08-30,70525,3984353
Germany,2021-09-06,74728,4059081
Germany,2021-09-13,66797,4125878
Germany,2021-09-20,55515,4181393
Germany,2021-09-27,56226,4237619
Germany,2021-10-04,56188,4293807
Germany,2021-10-11,60351,4354158
Germany,2021-10-18,83122,4437280
Germany,2021-10-25,121840,4559120
Germany,2021-11-01,150368,4709488
Germany,2021-11-08,233402,4942890
Germany,2021-11-15,305401,5248291
Germany,2021-11-22,401879,5650170
Germany,2021-11-29,401390,6051560
Germany,2021-12-06,371960,6423520
Germany,2021-12-13,297855,6721375
Germany,2021-12-20,202261,6923636
Germany,2021-12-27,185546,7109182
Germany,2022-01-03,308813,7417995
Germany,2022-01-10,417456,7835451
Germany,2022-01-17,625095,8460546
Germany,2022-01-24,968533,9429079
Germany,2022-01-31,1242523,10671602
Germany,2022-02-07,1338110,12009712
Germany,2022-02-14,1246277,13255989
Germany,2022-02-21,1143023,14399012
Germany,2022-02-28,1082878,15481890
Germany,2022-03-07,1275768,16757658
Germany,2022-03-14,1530328,18287986
Germany,2022-03-21,1605042,19893028
Germany,2022-03-28,1464011,21357039
Germany,2022-04-04,1084012,22441051
Germany,2022-04-11,741396,23182447
Germany,2022-04-18,823807,24006254
Germany,2022-04-25,704515,24710769
Germany,2022-05-02,504441,25215210
Germany,2022-05-09,446628,25661838
Germany,2022-05-16,336247,25998085
Germany,2022-05-23,246022,26244107
Germany,2022-05-30,208041,26452148
Germany,2022-06-06,286382,26738530
Germany,2022-06-13,386159,27124689
Germany,2022-06-20,557086,27681775
Germany,2022-06-27,612185,28293960
Germany,2022-07-04,632386,28926346
Germany,2022-07-11,643597,29569943
Germany,2022-07-18,669179,30239122
Germany,2022-07-25,548187,30787309
Germany,2022-08-01,391396,31178705
Germany,2022-08-08,310779,31489484
Germany,2022-08-15,282400,31771884
Germany,2022-08-22,236238,32008122
Germany,2022-08-29,210361,32218483
Germany,2022-09-05,203601,32422084
Germany,2022-09-12,221658,32643742
Germany,2022-09-19,261344,32905086
Germany,2022-09-26,407287,33312373
Germany,2022-10-03,513994,33826367
Germany,2022-10-10,690960,34517327
Germany,2022-10-17,580735,35098062
Germany,2022-10-24,425350,35523412
Germany,2022-10-31,261500,35784912
Germany,2022-11-07,220113,36005025
Germany,2022-11-14,175052,36180077
Germany,2022-11-21,168400,36348477
Germany,2022-11-28,181543,36530020
Germany,2022-12-05,196041,36726061
Germany,2022-12-12,220513,36946574
Germany,2022-12-19,231271,37177845
Germany,2022-12-26,192022,37369867
Germany,2023-01-02,139672,37509539
Germany,2023-01-09,95596,37605135
Germany,2023-01-16,63249,37668384
Germany,2023-01-23,71088,37739472
Germany,2023-01-30,83105,37822577
Germany,2023-02-06,84735,37907312
Germany,2023-02-13,94802,38002114
Germany,2023-02-20,108949,38111063
Germany,2023-02-27,99788,38210851
Germany,2023-03-06,38209,38249060
Italy,2020-01-20,0,0
Italy,2020-01-27,2,2
Italy,2020-02-03,1,3
Italy,2020-02-10,0,3
Italy,2020-02-17,152,155
Italy,2020-02-24,1539,1694
Italy,2020-03-02,5681,7375
Italy,2020-03-09,17372,24747
Italy,2020-03-16,34391,59138
Italy,2020-03-23,38551,97689
Italy,2020-03-30,31259,128948
Italy,2020-04-06,27415,156363
Italy,2020-04-13,22609,178972
Italy,2020-04-20,18703,197675
Italy,2020-04-27,13042,210717
Italy,2020-05-04,8353,219070
Italy,2020-05-11,6365,225435
Italy,2020-05-18,4423,229858
Italy,2020-05-25,3139,232997
Italy,2020-06-01,2001,234998
Italy,2020-06-08,1991,236989
Italy,2020-06-15,1510,238499
Italy,2020-06-22,1811,240310
Italy,2020-06-29,1301,241611
Italy,2020-07-06,1450,243061
Italy,2020-07-13,1373,244434
Italy,2020-07-20,1684,246118
Italy,2020-07-27,1952,248070
Italy,2020-08-03,2496,250566
Italy,2020-08-10,3349,253915
Italy,2020-08-17,5430,259345
Italy,2020-08-24,8873,268218
Italy,2020-08-31,9416,277634
Italy,2020-09-07,10119,287753
Italy,2020-09-14,10403,298156
Italy,2020-09-21,11714,309870
Italy,2020-09-28,15459,325329
Italy,2020-10-05,29621,354950
Italy,2020-10-12,59291,414241
Italy,2020-10-19,111541,525782
Italy,2020-10-26,183553,709335
Italy,2020-11-02,225769,935104
Italy,2020-11-09,243425,1178529
Italy,2020-11-16,230339,1408868
Italy,2020-11-23,176310,1585178
Italy,2020-11-30,143700,1728878
Italy,2020-12-07,114834,1843712
Italy,2020-12-14,109473,1953185
Italy,2020-12-21,94511,2047696
Italy,2020-12-28,107750,2155446
Italy,2021-01-04,121045,2276491
Italy,2021-01-11,104786,2381277
Italy,2021-01-18,85536,2466813
Italy,2021-01-25,86219,2553032
Italy,2021-02-01,83706,2636738
Italy,2021-02-08,85141,2721879
Italy,2021-02-15,87367,2809246
Italy,2021-02-22,116019,2925265
Italy,2021-03-01,142221,3067486
Italy,2021-03-08,155656,3223142
Italy,2021-03-15,153234,3376376
Italy,2021-03-22,155681,3532057
Italy,2021-03-29,136207,3668264
Italy,2021-04-05,101550,3769814
Italy,2021-04-12,100317,3870131
Italy,2021-04-19,92543,3962674
Italy,2021-04-26,82088,4044762
Italy,2021-05-03,66448,4111210
Italy,2021-05-10,47912,4159122
Italy,2021-05-17,33061,4192183
Italy,2021-05-24,23820,4216003
Italy,2021-05-31,16425,4232428
Italy,2021-06-07,12444,4244872
Italy,2021-06-14,8104,4252976
Italy,2021-06-21,5093,4258069
Italy,2021-06-28,5248,4263317
Italy,2021-07-05,7959,4271276
Italy,2021-07-12,16182,4287458
Italy,2021-07-19,29957,4317415
Italy,2021-07-26,37933,4355348
Italy,2021-08-02,41069,4396417
Italy,2021-08-09,44252,4440669
Italy,2021-08-16,43944,4484613
Italy,2021-08-23,45633,4530246
Italy,2021-08-30,41194,4571440
Italy,2021-09-06,34973,4606413
Italy,2021-09-13,29698,4636111
Italy,2021-09-20,24203,4660314
Italy,2021-09-27,21720,4682034
Italy,2021-10-04,18282,4700316
Italy,2021-10-11,17583,4717899
Italy,2021-10-18,23286,4741185
Italy,2021-10-25,30780,4771965
Italy,2021-11-01,36082,4808047
Italy,2021-11-08,52014,4860061
Italy,2021-11-15,65627,4925688
Italy,2021-11-22,82130,5007818
Italy,2021-11-29,101264,5109082
Italy,2021-12-06,116435,5225517
Italy,2021-12-13,163638,5389155
Italy,2021-12-20,258158,5647313
Italy,2021-12-27,680763,6328076
Italy,2022-01-03,1108863,7436939
Italy,2022-01-10,1269976,8706915
Italy,2022-01-17,1216763,9923678
Italy,2022-01-24,1001807,10925485
Italy,2022-01-31,696251,11621736
Italy,2022-02-07,483939,12105675
Italy,2022-02-14,364300,12469975
Italy,2022-02-21,294583,12764558
Italy,2022-02-28,261554,13026112
Italy,2022-03-07,347095,13373207
Italy,2022-03-14,488536,13861743
Italy,2022-03-21,502980,14364723
Italy,2022-03-28,481092,14845815
Italy,2022-04-04,446233,15292048
Italy,2022-04-11,420040,15712088
Italy,2022-04-18,423969,16136057
Italy,2022-04-25,368734,16504791
Italy,2022-05-02,294207,16798998
Italy,2022-05-09,258875,17057873
Italy,2022-05-16,189679,17247552
Italy,2022-05-23,141325,17388877
Italy,2022-05-30,117096,17505973
Italy,2022-06-06,147402,17653375
Italy,2022-06-13,225785,17879160
Italy,2022-06-20,355082,18234242
Italy,2022-06-27,534629,18768871
Italy,2022-07-04,670630,19439501
Italy,2022-07-11,706358,20145859
Italy,2022-07-18,514206,20660065
Italy,2022-07-25,379960,21040025
Italy,2022-08-01,273402,21313427
Italy,2022-08-08,186104,21499531
Italy,2022-08-15,150937,21650468
Italy,2022-08-22,156041,21806509
Italy,2022-08-29,131760,21938269
Italy,2022-09-05,108923,22047192
Italy,2022-09-12,113824,22161016
Italy,2022-09-19,142590,22303606
Italy,2022-09-26,225646,22529252
Italy,2022-10-03,286484,22815736
Italy,2022-10-10,284247,23099983
Italy,2022-10-17,248092,23348075
Italy,2022-10-24,182948,23531023
Italy,2022-10-31,110988,23642011
Italy,2022-11-07,181181,23823192
Italy,2022-11-14,208346,24031538
Italy,2022-11-21,229122,24260660
Italy,2022-11-28,227420,24488080
Italy,2022-12-05,221324,24709404
Italy,2022-12-12,174630,24884034
Italy,2022-12-19,137572,25021606
Italy,2022-12-26,122099,25143705
Italy,2023-01-02,135977,25279682
Italy,2023-01-09,84060,25363742
Italy,2023-01-16,51888,25415630
Italy,2023-01-23,38159,25453789
Italy,2023-01-30,34377,25488166
Italy,2023-02-06,30901,25519067
Italy,2023-02-13,28347,25547414
Italy,2023-02-20,29438,25576852
Italy,2023-02-27,26658,25603510
Italy,2023-03-06,0,25603510
Mexico,2020-01-20,0,0
Mexico,2020-01-27,0,0
Mexico,2020-02-03,0,0
Mexico,2020-02-10,0,0
Mexico,2020-02-17,0,0
Mexico,2020-02-24,5,5
Mexico,2020-03-02,2,7
Mexico,2020-03-09,46,53
Mexico,2020-03-16,263,316
Mexico,2020-03-23,677,993
Mexico,2020-03-30,1150,2143
Mexico,2020-04-06,2518,4661
Mexico,2020-04-13,3600,8261
Mexico,2020-04-20,6416,14677
Mexico,2020-04-27,8794,23471
Mexico,2020-05-04,11551,35022
Mexico,2020-05-11,14197,49219
Mexico,2020-05-18,19401,68620
Mexico,2020-05-25,22044,90664
Mexico,2020-06-01,26439,117103
Mexico,2020-06-08,29734,146837
Mexico,2020-06-15,33708,180545
Mexico,2020-06-22,36307,216852
Mexico,2020-06-29,39996,256848
Mexico,2020-07-06,42902,299750
Mexico,2020-07-13,44474,344224
Mexico,2020-07-20,46292,390516
Mexico,2020-07-27,48530,439046
Mexico,2020-08-03,41232,480278
Mexico,2020-08-10,41884,522162
Mexico,2020-08-17,38002,560164
Mexico,2020-08-24,35677,595841
Mexico,2020-08-31,38182,634023
Mexico,2020-09-07,34358,668381
Mexico,2020-09-14,29282,697663
Mexico,2020-09-21,32654,730317
Mexico,2020-09-28,31348,761665
Mexico,2020-10-05,55838,817503
Mexico,2020-10-12,33724,851227
Mexico,2020-10-19,39933,891160
Mexico,2020-10-26,38232,929392
Mexico,2020-11-02,38433,967825
Mexico,2020-11-09,38697,1006522
Mexico,2020-11-16,35353,1041875
Mexico,2020-11-23,65196,1107071
Mexico,2020-11-30,68779,1175850
Mexico,2020-12-07,74194,1250044
Mexico,2020-12-14,70501,1320545
Mexico,2020-12-21,62889,1383434
Mexico,2020-12-28,65321,1448755
Mexico,2021-01-04,85284,1534039
Mexico,2021-01-11,107389,1641428
Mexico,2021-01-18,121791,1763219
Mexico,2021-01-25,101041,1864260
Mexico,2021-02-01,67885,1932145
Mexico,2021-02-08,60649,1992794
Mexico,2021-02-15,48586,2041380
Mexico,2021-02-22,45558,2086938
Mexico,2021-03-01,41662,2128600
Mexico,2021-03-08,37690,2166290
Mexico,2021-03-15,29482,2195772
Mexico,2021-03-22,30778,2226550
Mexico,2021-03-29,23908,2250458
Mexico,2021-04-05,29755,2280213
Mexico,2021-04-12,25389,2305602
Mexico,2021-04-19,22789,2328391
Mexico,2021-04-26,20482,2348873
Mexico,2021-05-03,16919,2365792
Mexico,2021-05-10,16131,2381923
Mexico,2021-05-17,14681,2396604
Mexico,2021-05-24,16206,2412810
Mexico,2021-05-31,20871,2433681
Mexico,2021-06-07,20495,2454176
Mexico,2021-06-14,23107,2477283
Mexico,2021-06-21,28509,2505792
Mexico,2021-06-28,34276,2540068
Mexico,2021-07-05,50432,2590500
Mexico,2021-07-12,68637,2659137
Mexico,2021-07-19,89381,2748518
Mexico,2021-07-26,106474,2854992
Mexico,2021-08-02,116825,2971817
Mexico,2021-08-09,120154,3091971
Mexico,2021-08-16,133102,3225073
Mexico,2021-08-23,110627,3335700
Mexico,2021-08-30,92684,3428384
Mexico,2021-09-06,83498,3511882
Mexico,2021-09-13,57795,3569677
Mexico,2021-09-20,63123,3632800
Mexico,2021-09-27,46180,3678980
Mexico,2021-10-04,44255,3723235
Mexico,2021-10-11,33821,3757056
Mexico,2021-10-18,24605,3781661
Mexico,2021-10-25,25550,3807211
Mexico,2021-11-01,19575,3826786
Mexico,2021-11-08,18005,3844791
Mexico,2021-11-15,17346,3862137
Mexico,2021-11-22,20655,3882792
Mexico,2021-11-29,18471,3901263
Mexico,2021-12-06,16098,3917361
Mexico,2021-12-13,15184,3932545
Mexico,2021-12-20,17655,3950200
Mexico,2021-12-27,40387,3990587
Mexico,2022-01-03,134801,4125388
Mexico,2022-01-10,242926,4368314
Mexico,2022-01-17,299515,4667829
Mexico,2022-01-24,262240,4930069
Mexico,2022-01-31,221456,5151525
Mexico,2022-02-07,132327,5283852
Mexico,2022-02-14,129573,5413425
Mexico,2022-02-21,92680,5506105
Mexico,2022-02-28,58880,5564985
Mexico,2022-03-07,41842,5606827
Mexico,2022-03-14,27101,5633928
Mexico,2022-03-21,16968,5650896
Mexico,2022-03-28,15319,5666215
Mexico,2022-04-04,56718,5722933
Mexico,2022-04-11,4735,5727668
Mexico,2022-04-18,6117,5733785
Mexico,2022-04-25,5895,5739680
Mexico,2022-05-02,0,5739680
Mexico,2022-05-09,5972,5745652
Mexico,2022-05-16,6789,5752441
Mexico,2022-05-23,7332,5759773
Mexico,2022-05-30,31509,5791282
Mexico,2022-06-06,32562,5823844
Mexico,2022-06-13,51861,5875705
Mexico,2022-06-20,86910,5962615
Mexico,2022-06-27,126985,6089600
Mexico,2022-07-04,169725,6259325
Mexico,2022-07-11,189152,6448477
Mexico,2022-07-18,175833,6624310
Mexico,2022-07-25,87537,6711847
Mexico,2022-08-01,145623,6857470
Mexico,2022-08-08,70166,6927636
Mexico,2022-08-15,22017,6949653
Mexico,2022-08-22,64857,7014510
Mexico,2022-08-29,26671,7041181
Mexico,2022-09-05,18308,7059489
Mexico,2022-09-12,10275,7069764
Mexico,2022-09-19,11983,7081747
Mexico,2022-09-26,8583,7090330
Mexico,2022-10-03,6934,7097264
Mexico,2022-10-10,5683,7102947
Mexico,2022-10-17,3918,7106865
Mexico,2022-10-24,4239,7111104
Mexico,2022-10-31,2554,7113658
Mexico,2022-11-07,2766,7116424
Mexico,2022-11-14,2509,7118933
Mexico,2022-11-21,6243,7125176
Mexico,2022-11-28,7616,7132792
Mexico,2022-12-05,23938,7156730
Mexico,2022-12-12,32132,7188862
Mexico,2022-12-19,32189,7221051
Mexico,2022-12-26,13416,7234467
Mexico,2023-01-02,49382,7283849
Mexico,2023-01-09,31042,7314891
Mexico,2023-01-16,27386,7342277
Mexico,2023-01-23,25435,7367712
Mexico,2023-01-30,21958,7389670
Mexico,2023-02-06,11178,7400848
Mexico,2023-02-13,28930,7429778
Mexico,2023-02-20,21214,7450992
Mexico,2023-02-27,19661,7470653
Mexico,2023-03-06,12791,7483444
Panama,2020-01-20,0,0
Panama,2020-01-27,0,0
Panama,2020-02-03,0,0
Panama,2020-02-10,0,0
Panama,2020-02-17,0,0
Panama,2020-02-24,0,0
Panama,2020-03-02,0,0
Panama,2020-03-09,43,43
Panama,2020-03-16,270,313
Panama,2020-03-23,588,901
Panama,2020-03-30,900,1801
Panama,2020-04-06,1433,3234
Panama,2020-04-13,1039,4273
Panama,2020-04-20,1506,5779
Panama,2020-04-27,1311,7090
Panama,2020-05-04,1358,8448
Panama,2020-05-11,1158,9606
Panama,2020-05-18,1320,10926
Panama,2020-05-25,2537,13463
Panama,2020-06-01,2962,16425
Panama,2020-06-08,4993,21418
Panama,2020-06-15,4612,26030
Panama,2020-06-22,5656,31686
Panama,2020-06-29,6463,38149
Panama,2020-07-06,7484,45633
Panama,2020-07-13,7835,53468
Panama,2020-07-20,6828,60296
Panama,2020-07-27,7157,67453
Panama,2020-08-03,7039,74492
Panama,2020-08-10,7448,81940
Panama,2020-08-17,4960,86900
Panama,2020-08-24,5165,92065
Panama,2020-08-31,4978,97043
Panama,2020-09-07,4702,101745
Panama,2020-09-14,4458,106203
Panama,2020-09-21,4352,110555
Panama,2020-09-28,4731,115286
Panama,2020-10-05,5027,120313
Panama,2020-10-12,4432,124745
Panama,2020-10-19,4455,129200
Panama,2020-10-26,5136,134336
Panama,2020-11-02,5191,139527
Panama,2020-11-09,7126,146653
Panama,2020-11-16,8130,154783
Panama,2020-11-23,9946,164729
Panama,2020-11-30,12990,177719
Panama,2020-12-07,15288,193007
Panama,2020-12-14,19332,212339
Panama,2020-12-21,19018,231357
Panama,2020-12-28,22379,253736
Panama,2021-01-04,25460,279196
Panama,2021-01-11,18823,298019
Panama,2021-01-18,13225,311244
Panama,2021-01-25,9135,320379
Panama,2021-02-01,6712,327091
Panama,2021-02-08,5088,332179
Panama,2021-02-15,4342,336521
Panama,2021-02-22,4394,340915
Panama,2021-03-01,3919,344834
Panama,2021-03-08,3085,347919
Panama,2021-03-15,3072,350991
Panama,2021-03-22,2848,353839
Panama,2021-03-29,2538,356377
Panama,2021-04-05,2234,358611
Panama,2021-04-12,2230,360841
Panama,2021-04-19,2126,362967
Panama,2021-04-26,2137,365104
Panama,2021-05-03,2552,367656
Panama,2021-05-10,3221,370877
Panama,2021-05-17,3244,374121
Panama,2021-05-24,3655,377776
Panama,2021-05-31,4699,382475
Panama,2021-06-07,5367,387842
Panama,2021-06-14,5885,393727
Panama,2021-06-21,6939,400666
Panama,2021-06-28,7457,408123
Panama,2021-07-05,7357,415480
Panama,2021-07-12,7198,422678
Panama,2021-07-19,7271,429949
Panama,2021-07-26,6526,436475
Panama,2021-08-02,5820,442295
Panama,2021-08-09,5529,447824
Panama,2021-08-16,4774,452598
Panama,2021-08-23,4068,456666
Panama,2021-08-30,3178,459844
Panama,2021-09-06,2166,462010
Panama,2021-09-13,2278,464288
Panama,2021-09-20,1890,466178
Panama,2021-09-27,1562,467740
Panama,2021-10-04,1342,469082
Panama,2021-10-11,1182,470264
Panama,2021-10-18,1139,471403
Panama,2021-10-25,1261,472664
Panama,2021-11-01,752,473416
Panama,2021-11-08,1205,474621
Panama,2021-11-15,1376,475997
Panama,2021-11-22,1309,477306
Panama,2021-11-29,1747,479053
Panama,2021-12-06,1728,480781
Panama,2021-12-13,2282,483063
Panama,2021-12-20,4704,487767
Panama,2021-12-27,11018,498785
Panama,2022-01-03,27530,526315
Panama,2022-01-10,48541,574856
Panama,2022-01-17,69827,644683
Panama,2022-01-24,52441,697124
Panama,2022-01-31,30289,727413
Panama,2022-02-07,15441,742854
Panama,2022-02-14,7906,750760
Panama,2022-02-21,4502,755262
Panama,2022-02-28,2225,757487
Panama,2022-03-07,2149,759636
Panama,2022-03-14,1872,761508
Panama,2022-03-21,1975,763483
Panama,2022-03-28,1730,765213
Panama,2022-04-04,1718,766931
Panama,2022-04-11,1863,768794
Panama,2022-04-18,3025,771819
Panama,2022-04-25,5301,777120
Panama,2022-05-02,11351,788471
Panama,2022-05-09,19972,808443
Panama,2022-05-16,21844,830287
Panama,2022-05-23,22320,852607
Panama,2022-05-30,21187,873794
Panama,2022-06-06,17555,891349
Panama,2022-06-13,12180,903529
Panama,2022-06-20,11528,915057
Panama,2022-06-27,10197,925254
Panama,2022-07-04,7456,932710
Panama,2022-07-11,6081,938791
Panama,2022-07-18,3292,942083
Panama,2022-07-25,6390,948473
Panama,2022-08-01,5896,954369
Panama,2022-08-08,5931,960300
Panama,2022-08-15,6479,966779
Panama,2022-08-22,6021,972800
Panama,2022-08-29,5381,978181
Panama,2022-09-05,3641,981822
Panama,2022-09-12,2412,984234
Panama,2022-09-19,1580,985814
Panama,2022-09-26,1052,986866
Panama,2022-10-03,747,987613
Panama,2022-10-10,667,988280
Panama,2022-10-17,725,989005
Panama,2022-10-24,603,989608
Panama,2022-10-31,805,990413
Panama,2022-11-07,838,991251
Panama,2022-11-14,1372,992623
Panama,2022-11-21,3103,995726
Panama,2022-11-28,6435,1002161
Panama,2022-12-05,7091,1009252
Panama,2022-12-12,6718,1015970
Panama,2022-12-19,4991,1020961
Panama,2022-12-26,2817,1023778
Panama,2023-01-02,2066,1025844
Panama,2023-01-09,1403,1027247
Panama,2023-01-16,1025,1028272
Panama,2023-01-23,789,1029061
Panama,2023-01-30,640,1029701
Panama,2023-02-06,513,1030214
Panama,2023-02-13,444,1030658
Panama,2023-02-20,356,1031014
Panama,2023-02-27,259,1031273
Panama,2023-03-06,458,1031731
US,2020-01-20,4,4
US,2020-01-27,3,7
US,2020-02-03,4,11
US,2020-02-10,2,13
US,2020-02-17,2,15
US,2020-02-24,16,31
US,2020-03-02,487,518
US,2020-03-09,2693,3211
US,2020-03-16,31732,34943
US,2020-03-23,108600,143543
US,2020-03-30,209573,353116
US,2020-04-06,218434,571550
US,2020-04-13,197337,768887
US,2020-04-20,206649,975536
US,2020-04-27,190652,1166188
US,2020-05-04,170872,1337060
US,2020-05-11,155388,1492448
US,2020-05-18,155064,1647512
US,2020-05-25,144034,1791546
US,2020-06-01,148695,1940241
US,2020-06-08,149929,2090170
US,2020-06-15,189761,2279931
US,2020-06-22,277291,2557222
US,2020-06-29,347620,2904842
US,2020-07-06,410564,3315406
US,2020-07-13,452195,3767601
US,2020-07-20,458703,4226304
US,2020-07-27,426505,4652809
US,2020-08-03,396061,5048870
US,2020-08-10,372155,5421025
US,2020-08-17,299096,5720121
US,2020-08-24,292841,6012962
US,2020-08-31,281799,6294761
US,2020-09-07,256026,6550787
US,2020-09-14,291617,6842404
US,2020-09-21,286018,7128422
US,2020-09-28,300436,7428858
US,2020-10-05,348113,7776971
US,2020-10-12,394038,8171009
US,2020-10-19,493557,8664566
US,2020-10-26,589923,9254489
US,2020-11-02,818658,10073147
US,2020-11-09,1048060,11121207
US,2020-11-16,1212396,12333603
US,2020-11-23,1175780,13509383
US,2020-11-30,1406989,14916372
US,2020-12-07,1525552,16441924
US,2020-12-14,1548533,17990457
US,2020-12-21,1315272,19305729
US,2020-12-28,1567505,20873234
US,2021-01-04,1739963,22613197
US,2021-01-11,1528000,24141197
US,2021-01-18,1186483,25327680
US,2021-01-25,1029426,26357106
US,2021-02-01,828086,27185192
US,2021-02-08,638864,27824056
US,2021-02-15,460905,28284961
US,2021-02-22,479336,28764297
US,2021-03-01,413796,29178093
US,2021-03-08,377152,29555245
US,2021-03-15,383287,29938532
US,2021-03-22,442685,30381217
US,2021-03-29,451352,30832569
US,2021-04-05,489309,31321878
US,2021-04-12,475060,31796938
US,2021-04-19,404532,32201470
US,2021-04-26,345351,32546821
US,2021-05-03,285735,32832556
US,2021-05-10,231615,33064171
US,2021-05-17,176968,33241139
US,2021-05-24,138957,33380096
US,2021-05-31,100569,33480665
US,2021-06-07,98057,33578722
US,2021-06-14,80628,33659350
US,2021-06-21,86399,33745749
US,2021-06-28,90654,33836403
US,2021-07-05,141540,33977943
US,2021-07-12,231704,34209647
US,2021-07-19,372249,34581896
US,2021-07-26,570921,35152817
US,2021-08-02,769182,35921999
US,2021-08-09,923900,36845899
US,2021-08-16,1045195,37891094
US,2021-08-23,1095994,38987088
US,2021-08-30,1164794,40151882
US,2021-09-06,1026336,41178218
US,2021-09-13,1018132,42196350
US,2021-09-20,844108,43040458
US,2021-09-27,750003,43790461
US,2021-10-04,661939,44452400
US,2021-10-11,581682,45034082
US,2021-10-18,500027,45534109
US,2021-10-25,519251,46053360
US,2021-11-01,521256,46574616
US,2021-11-08,564354,47138970
US,2021-11-15,655083,47794053
US,2021-11-22,509529,48303582
US,2021-11-29,860038,49163620
US,2021-12-06,829253,49992873
US,2021-12-13,949517,50942390
US,2021-12-20,1465784,52408174
US,2021-12-27,2988016,55396190
US,2022-01-03,5173074,60569264
US,2022-01-10,5641428,66210692
US,2022-01-17,4920429,71131121
US,2022-01-24,3577718,74708839
US,2022-01-31,1990650,76699489
US,2022-02-07,1234082,77933571
US,2022-02-14,692244,78625815
US,2022-02-21,459416,79085231
US,2022-02-28,323263,79408494
US,2022-03-07,243819,79652313
US,2022-03-14,215462,79867775
US,2022-03-21,210371,80078146
US,2022-03-28,191695,80269841
US,2022-04-04,248731,80518572
US,2022-04-11,232469,80751041
US,2022-04-18,349569,81100610
US,2022-04-25,383193,81483803
US,2022-05-02,508815,81992618
US,2022-05-09,604936,82597554
US,2022-05-16,791744,83389298
US,2022-05-23,708562,84097860
US,2022-05-30,782239,84880099
US,2022-06-06,736423,85616522
US,2022-06-13,731421,86347943
US,2022-06-20,712080,87060023
US,2022-06-27,801467,87861490
US,2022-07-04,749114,88610604
US,2022-07-11,951326,89561930
US,2022-07-18,855703,90417633
US,2022-07-25,927791,91345424
US,2022-08-01,782464,92127888
US,2022-08-08,804699,92932587
US,2022-08-15,599115,93531702
US,2022-08-22,660701,94192403
US,2022-08-29,550277,94742680
US,2022-09-05,497281,95239961
US,2022-09-12,406197,95646158
US,2022-09-19,404174,96050332
US,2022-09-26,325176,96375508
US,2022-10-03,301007,96676515
US,2022-10-10,252217,96928732
US,2022-10-17,260994,97189726
US,2022-10-24,257070,97446796
US,2022-10-31,290961,97737757
US,2022-11-07,256895,97994652
US,2022-11-14,313693,98308345
US,2022-11-21,262178,98570523
US,2022-11-28,410466,98980989
US,2022-12-05,447510,99428499
US,2022-12-12,480125,99908624
US,2022-12-19,469544,100378168
US,2022-12-26,391459,100769627
US,2023-01-02,503214,101272841
US,2023-01-09,372812,101645653
US,2023-01-16,354525,102000178
US,2023-01-23,278219,102278397
US,2023-01-30,328470,102606867
US,2023-02-06,256011,102862878
US,2023-02-13,273198,103136076
US,2023-02-20,246686,103382762
US,2023-02-27,264212,103646974
US,2023-03-06,155727,103802701
Uruguay,2020-01-20,0,0
Uruguay,2020-01-27,0,0
Uruguay,2020-02-03,0,0
Uruguay,2020-02-10,0,0
Uruguay,2020-02-17,0,0
Uruguay,2020-02-24,0,0
Uruguay,2020-03-02,0,0
Uruguay,2020-03-09,8,8
Uruguay,2020-03-16,150,158
Uruguay,2020-03-23,151,309
Uruguay,2020-03-30,97,406
Uruguay,2020-04-06,74,480
Uruguay,2020-04-13,48,528
Uruguay,2020-04-20,78,606
Uruguay,2020-04-27,49,655
Uruguay,2020-05-04,52,707
Uruguay,2020-05-11,27,734
Uruguay,2020-05-18,35,769
Uruguay,2020-05-25,54,823
Uruguay,2020-06-01,22,845
Uruguay,2020-06-08,3,848
Uruguay,2020-06-15,28,876
Uruguay,2020-06-22,53,929
Uruguay,2020-06-29,27,956
Uruguay,2020-07-06,31,987
Uruguay,2020-07-13,67,1054
Uruguay,2020-07-20,138,1192
Uruguay,2020-07-27,94,1286
Uruguay,2020-08-03,67,1353
Uruguay,2020-08-10,87,1440
Uruguay,2020-08-17,87,1527
Uruguay,2020-08-24,58,1585
Uruguay,2020-08-31,94,1679
Uruguay,2020-09-07,129,1808
Uruguay,2020-09-14,109,1917
Uruguay,2020-09-21,91,2008
Uruguay,2020-09-28,137,2145
Uruguay,2020-10-05,149,2294
Uruguay,2020-10-12,237,2531
Uruguay,2020-10-19,320,2851
Uruguay,2020-10-26,298,3149
Uruguay,2020-11-02,365,3514
Uruguay,2020-11-09,516,4030
Uruguay,2020-11-16,669,4699
Uruguay,2020-11-23,1017,5716
Uruguay,2020-11-30,1587,7303
Uruguay,2020-12-07,2405,9708
Uruguay,2020-12-14,3340,13048
Uruguay,2020-12-21,3680,16728
Uruguay,2020-12-28,4095,20823
Uruguay,2021-01-04,5363,26186
Uruguay,2021-01-11,6192,32378
Uruguay,2021-01-18,5255,37633
Uruguay,2021-01-25,4105,41738
Uruguay,2021-02-01,3573,45311
Uruguay,2021-02-08,3598,48909
Uruguay,2021-02-15,3906,52815
Uruguay,2021-02-22,5179,57994
Uruguay,2021-03-01,5843,63837
Uruguay,2021-03-08,7854,71691
Uruguay,2021-03-15,9846,81537
Uruguay,2021-03-22,15869,97406
Uruguay,2021-03-29,20351,117757
Uruguay,2021-04-05,26885,144642
Uruguay,2021-04-12,20102,164744
Uruguay,2021-04-19,20121,184865
Uruguay,2021-04-26,17627,202492
Uruguay,2021-05-03,18191,220683
Uruguay,2021-05-10,19829,240512
Uruguay,2021-05-17,24586,265098
Uruguay,2021-05-24,26390,291488
Uruguay,2021-05-31,25047,316535
Uruguay,2021-06-07,21978,338513
Uruguay,2021-06-14,16352,354865
Uruguay,2021-06-21,11001,365866
Uruguay,2021-06-28,6843,372709
Uruguay,2021-07-05,3870,376579
Uruguay,2021-07-12,2296,378875
Uruguay,2021-07-19,1556,380431
Uruguay,2021-07-26,1138,381569
Uruguay,2021-08-02,937,382506
Uruguay,2021-08-09,786,383292
Uruguay,2021-08-16,802,384094
Uruguay,2021-08-23,598,384692
Uruguay,2021-08-30,968,385660
Uruguay,2021-09-06,1041,386701
Uruguay,2021-09-13,926,387627
Uruguay,2021-09-20,875,388502
Uruguay,2021-09-27,683,389185
Uruguay,2021-10-04,853,390038
Uruguay,2021-10-11,1006,391044
Uruguay,2021-10-18,1104,392148
Uruguay,2021-10-25,1751,393899
Uruguay,2021-11-01,1369,395268
Uruguay,2021-11-08,1277,396545
Uruguay,2021-11-15,1296,397841
Uruguay,2021-11-22,1507,399348
Uruguay,2021-11-29,1577,400925
Uruguay,2021-12-06,1584,402509
Uruguay,2021-12-13,1951,404460
Uruguay,2021-12-20,2921,407381
Uruguay,2021-12-27,7868,415249
Uruguay,2022-01-03,34173,449422
Uruguay,2022-01-10,63419,512841
Uruguay,2022-01-17,76154,588995
Uruguay,2022-01-24,72446,661441
Uruguay,2022-01-31,64601,726042
Uruguay,2022-02-07,51448,777490
Uruguay,2022-02-14,38214,815704
Uruguay,2022-02-21,24807,840511
Uruguay,2022-02-28,13864,854375
Uruguay,2022-03-07,10001,864376
Uruguay,2022-03-14,10937,875313
Uruguay,2022-03-21,8768,884081
Uruguay,2022-03-28,5432,889513
Uruguay,2022-04-04,4396,893909
Uruguay,2022-04-11,1866,895775
Uruguay,2022-04-18,0,895775
Uruguay,2022-04-25,2092,897867
Uruguay,2022-05-02,1856,899723
Uruguay,2022-05-09,2817,902540
Uruguay,2022-05-16,5538,908078
Uruguay,2022-05-23,8310,916388
Uruguay,2022-05-30,9389,925777
Uruguay,2022-06-06,9184,934961
Uruguay,2022-06-13,8916,943877
Uruguay,2022-06-20,8071,951948
Uruguay,2022-06-27,5681,957629
Uruguay,2022-07-04,4622,962251
Uruguay,2022-07-11,3119,965370
Uruguay,2022-07-18,2438,967808
Uruguay,2022-07-25,1995,969803
Uruguay,2022-08-01,1925,971728
Uruguay,2022-08-08,1692,973420
Uruguay,2022-08-15,1844,975264
Uruguay,2022-08-22,2041,977305
Uruguay,2022-08-29,1855,979160
Uruguay,2022-09-05,2026,981186
Uruguay,2022-09-12,1660,982846
Uruguay,2022-09-19,1306,984152
Uruguay,2022-09-26,1270,985422
Uruguay,2022-10-03,1024,986446
Uruguay,2022-10-10,1117,987563
Uruguay,2022-10-17,964,988527
Uruguay,2022-10-24,1102,989629
Uruguay,2022-10-31,931,990560
Uruguay,2022-11-07,659,991219
Uruguay,2022-11-14,816,992035
Uruguay,2022-11-21,852,992887
Uruguay,2022-11-28,988,993875
Uruguay,2022-12-05,1527,995402
Uruguay,2022-12-12,2645,998047
Uruguay,2022-12-19,4941,1002988
Uruguay,2022-12-26,9000,1011988
Uruguay,2023-01-02,8173,1020161
Uruguay,2023-01-09,5649,1025810
Uruguay,2023-01-16,3754,1029564
Uruguay,2023-01-23,2017,1031581
Uruguay,2023-01-30,1129,1032710
Uruguay,2023-02-06,555,1033265
Uruguay,2023-02-13,501,1033766
Uruguay,2023-02-20,280,1034046
Uruguay,2023-02-27,257,1034303
Uruguay,2023-03-06,0,1034303
