"STATION","DATE","LATITUDE","LONGITUDE","ELEVATION","NAME","TEMP","TEMP_ATTRIBUTES","DEWP","DEWP_ATTRIBUTES","SLP","SLP_ATTRIBUTES","STP","STP_ATTRIBUTES","VISIB","VISIB_ATTRIBUTES","WDSP","WDSP_ATTRIBUTES","MXSPD","GUST","MAX","MAX_ATTRIBUTES","MIN","MIN_ATTRIBUTES","PRCP","PRCP_ATTRIBUTES","SNDP","FRSHTT"
"71843799999","2020-01-01","64.1166667","-117.3666667","213.0","RAE LAKES, CA","   2.1"," 5","  -1.5"," 5"," 998.9"," 5","999.9"," 0","  5.0"," 5","  3.0"," 5","  4.1","999.9","   5.0","*","  -2.2","*","99.99"," ","999.9","001000"
"71843799999","2020-01-02","64.1166667","-117.3666667","213.0","RAE LAKES, CA","   2.2"," 9","  -1.4"," 9","1007.1"," 9","999.9"," 0","  4.1"," 9","  5.3"," 9","  7.0","999.9","   5.0","*","   1.4","*","99.99"," ","999.9","001000"
"71843799999","2020-01-03","64.1166667","-117.3666667","213.0","RAE LAKES, CA","   0.7"," 8","  -3.6"," 8","1014.3"," 8","999.9"," 0","  2.4"," 8","  5.4"," 8","  8.0","999.9","   1.4","*","  -0.4","*","99.99"," ","999.9","001000"
"71843799999","2020-01-04","64.1166667","-117.3666667","213.0","RAE LAKES, CA","  -4.6"," 6","  -9.1"," 6","1012.9"," 6","999.9"," 0","  2.8"," 6","  7.1"," 6","  9.9","999.9","  -2.2","*","  -5.8","*","99.99"," ","999.9","001000"
"71843799999","2020-01-06","64.1166667","-117.3666667","213.0","RAE LAKES, CA"," -23.6","10"," -29.9","10","1024.1","10","999.9"," 0"," 15.0","10","  2.0","10","  4.1","999.9"," -18.4","*"," -29.2","*"," 0.00","I","999.9","000000"
"71843799999","2020-01-07","64.1166667","-117.3666667","213.0","RAE LAKES, CA"," -33.9","10"," -40.7","10","1027.9","10","999.9"," 0"," 15.0","10","  1.6","10","  2.9","999.9"," -27.4","*"," -40.0","*"," 0.00","I","999.9","000000"
"71843799999","2020-01-08","64.1166667","-117.3666667","213.0","RAE LAKES, CA"," -43.1","11"," -50.8","11","1027.8","11","999.9"," 0"," 15.0","11","  1.0","11","  2.9","999.9"," -36.4","*"," -47.2","*"," 0.00","I","999.9","000000"
"71843799999","2020-01-09","64.1166667","-117.3666667","213.0","RAE LAKES, CA"," -41.4"," 9"," -49.2"," 9","1032.3"," 9","999.9"," 0"," 15.0"," 9","  1.5"," 9","  2.9","999.9"," -38.2","*"," -43.6","*"," 0.00","I","999.9","000000"
"71843799999","2020-01-10","64.1166667","-117.3666667","213.0","RAE LAKES, CA"," -36.9","10"," -44.3","10","1027.0","10","999.9"," 0"," 12.5","10","  1.7","10","  4.1","999.9"," -31.0","*"," -43.6","*","99.99"," ","999.9","001000"
"71843799999","2020-01-11","64.1166667","-117.3666667","213.0","RAE LAKES, CA"," -42.6"," 7"," -50.3"," 7","1028.8"," 7","999.9"," 0"," 13.7"," 7","  1.2"," 7","  2.9","999.9"," -29.2","*"," -49.0","*","99.99"," ","999.9","001000"
"71843799999","2020-01-12","64.1166667","-117.3666667","213.0","RAE LAKES, CA"," -27.0"," 9"," -34.2"," 9","1034.3"," 9","999.9"," 0"," 11.1"," 9","  1.1"," 9","  1.9","999.9"," -25.6","*"," -29.2","*","99.99"," ","999.9","001000"
"71843799999","2020-01-13","64.1166667","-117.3666667","213.0","RAE LAKES, CA"," -31.7"," 8"," -38.9"," 8","1036.8"," 8","999.9"," 0"," 12.8"," 8","  0.8"," 8","  2.9","999.9"," -23.8","*"," -34.6","*","99.99"," ","999.9","001000"
"71843799999","2020-01-14","64.1166667","-117.3666667","213.0","RAE LAKES, CA"," -40.4","10"," -47.7","10","1038.3","10","999.9"," 0"," 15.0","10","  0.0","10","999.9","999.9"," -36.4","*"," -43.6","*"," 0.00","I","999.9","000000"
"71843799999","2020-01-15","64.1166667","-117.3666667","213.0","RAE LAKES, CA"," -37.7","10"," -44.9","10","1039.8","10","999.9"," 0"," 15.0","10","  1.1","10","  2.9","999.9"," -32.8","*"," -40.0","*"," 0.00","I","999.9","000000"
"71843799999","2020-01-16","64.1166667","-117.3666667","213.0","RAE LAKES, CA"," -18.2","11"," -24.3","11","1037.2","11","999.9"," 0"," 11.9","11","  1.2","11","  2.9","999.9"," -13.0","*"," -36.4","*","99.99"," ","999.9","001000"
"71843799999","2020-01-17","64.1166667","-117.3666667","213.0","RAE LAKES, CA"," -21.8","10"," -28.7","10","1038.7","10","999.9"," 0"," 15.0","10","  1.5","10","  4.1","999.9"," -16.6","*"," -27.4","*","99.99"," ","999.9","001000"
"71843799999","2020-01-18","64.1166667","-117.3666667","213.0","RAE LAKES, CA"," -30.5"," 7"," -37.4"," 7","1041.6"," 7","999.9"," 0"," 15.0"," 7","  2.6"," 7","  5.1","999.9"," -25.6","*"," -36.4","*"," 0.00","I","999.9","000000"
"71843799999","2020-01-19","64.1166667","-117.3666667","213.0","RAE LAKES, CA"," -19.5"," 8"," -26.1"," 8","1019.3"," 8","999.9"," 0"," 15.0"," 8","  4.5"," 8","  7.0","999.9"," -16.6","*"," -22.0","*"," 0.00","I","999.9","000000"
"71843799999","2020-01-20","64.1166667","-117.3666667","213.0","RAE LAKES, CA"," -25.3","11"," -31.5","11","1011.2","11","999.9"," 0"," 15.0","11","  2.0","11","  7.0","999.9"," -18.4","*"," -29.2","*"," 0.00","I","999.9","000000"
"71843799999","2020-01-21","64.1166667","-117.3666667","213.0","RAE LAKES, CA"," -26.4"," 9"," -32.8"," 9","1009.8"," 9","999.9"," 0"," 15.0"," 9","  1.6"," 9","  2.9","999.9"," -23.8","*"," -27.4","*"," 0.00","I","999.9","000000"
"71843799999","2020-01-22","64.1166667","-117.3666667","213.0","RAE LAKES, CA","  -6.1","11"," -10.9","11","1006.2","11","999.9"," 0","  7.8","11","  4.9","11","  8.9"," 15.0","   1.4","*"," -27.4","*","99.99"," ","999.9","001000"
"71843799999","2020-01-23","64.1166667","-117.3666667","213.0","RAE LAKES, CA"," -15.5","11"," -21.3","11","1013.0","11","999.9"," 0"," 13.4","11","  1.5","11","  5.1","999.9","  -0.4","*"," -23.8","*","99.99"," ","999.9","001000"
"71843799999","2020-01-24","64.1166667","-117.3666667","213.0","RAE LAKES, CA","  -3.1"," 8","  -7.6"," 8","1013.6"," 8","999.9"," 0"," 12.9"," 8","  5.3"," 8","  7.0","999.9","   1.4","*"," -14.8","*","99.99"," ","999.9","001000"
"71843799999","2020-01-25","64.1166667","-117.3666667","213.0","RAE LAKES, CA","   2.1"," 8","  -1.8"," 8","1011.3"," 8","999.9"," 0"," 11.1"," 8","  3.1"," 8","  5.1","999.9","   5.0","*","  -0.4","*","99.99"," ","999.9","001000"
"71843799999","2020-01-26","64.1166667","-117.3666667","213.0","RAE LAKES, CA"," -14.4"," 4"," -20.2"," 4","1019.8"," 4","999.9"," 0"," 15.0"," 4","  6.2"," 4","  8.9","999.9"," -13.0","*"," -16.6","*"," 0.00","I","999.9","000000"
"71843799999","2020-01-27","64.1166667","-117.3666667","213.0","RAE LAKES, CA","  -6.0","12"," -11.2","12","1011.3","12","999.9"," 0","  5.1","12","  3.5","12","  6.0","999.9","  -0.4","*"," -18.4","*","99.99"," ","999.9","101000"
"71843799999","2020-01-28","64.1166667","-117.3666667","213.0","RAE LAKES, CA","  -7.9","11"," -13.0","11","1012.3","11","999.9"," 0","  4.1","11","  4.6","11","  9.9","999.9","  -0.4","*"," -11.2","*","99.99"," ","999.9","001000"
"71843799999","2020-01-29","64.1166667","-117.3666667","213.0","RAE LAKES, CA","  -4.7","10"," -10.1","10","1005.1","10","999.9"," 0","  9.7","10","  3.2","10","  6.0","999.9","  -0.4","*","  -9.4","*","99.99"," ","999.9","001000"
"71843799999","2020-01-30","64.1166667","-117.3666667","213.0","RAE LAKES, CA","  -7.1","10"," -12.3","10"," 999.7","10","999.9"," 0"," 12.1","10","  3.1","10","  5.1","999.9","  -0.4","*"," -11.2","*","99.99"," ","999.9","001000"
"71843799999","2020-01-31","64.1166667","-117.3666667","213.0","RAE LAKES, CA","  -8.0"," 9"," -13.4"," 9","1004.5"," 9","999.9"," 0","  5.7"," 9","  7.9"," 9"," 12.0","999.9","  -5.8","*","  -9.4","*","99.99"," ","999.9","001000"
"71843799999","2020-02-01","64.1166667","-117.3666667","213.0","RAE LAKES, CA"," -17.3"," 8"," -23.1"," 8","1008.1"," 8","999.9"," 0"," 11.9"," 8","  4.8"," 8","  6.0","999.9","  -9.4","*"," -22.0","*","99.99"," ","999.9","001000"
"71843799999","2020-02-03","64.1166667","-117.3666667","213.0","RAE LAKES, CA"," -21.8","10"," -28.1","10","1019.0","10","999.9"," 0"," 14.5","10","  3.0","10","  4.1","999.9"," -20.2","*"," -23.8","*","99.99"," ","999.9","001000"
"71843799999","2020-02-05","64.1166667","-117.3666667","213.0","RAE LAKES, CA"," -15.4"," 9"," -22.0"," 9","1008.7"," 9","999.9"," 0"," 13.7"," 9","  6.5"," 9","  8.9","999.9"," -11.2","*"," -18.4","*","99.99"," ","999.9","001000"
"71843799999","2020-02-06","64.1166667","-117.3666667","213.0","RAE LAKES, CA"," -12.2","11"," -17.9","11","1009.0","11","999.9"," 0"," 15.0","11","  1.5","11","  5.1","999.9","  -9.4","*"," -16.6","*","99.99"," ","999.9","001000"
"71843799999","2020-02-07","64.1166667","-117.3666667","213.0","RAE LAKES, CA","  -5.1","11"," -10.2","11","1013.6","11","999.9"," 0"," 12.2","11","  3.6","11","  7.0","999.9","  -2.2","*"," -13.0","*","99.99"," ","999.9","001000"
"71843799999","2020-02-08","64.1166667","-117.3666667","213.0","RAE LAKES, CA"," -12.3"," 8"," -18.2"," 8","1018.4"," 8","999.9"," 0"," 13.8"," 8","  1.5"," 8","  5.1","999.9","  -0.4","*"," -18.4","*","99.99"," ","999.9","001000"
"71843799999","2020-02-09","64.1166667","-117.3666667","213.0","RAE LAKES, CA","  -3.2"," 9","  -8.8"," 9","1010.1"," 9","999.9"," 0"," 12.0"," 9","  2.2"," 9","  2.9","999.9","   3.2","*","  -7.6","*","99.99"," ","999.9","001000"
"71843799999","2020-02-10","64.1166667","-117.3666667","213.0","RAE LAKES, CA","  -1.9","11","  -7.1","11","1014.7","11","999.9"," 0"," 11.0","11","  5.8","11","  8.9","999.9","   1.4","*","  -4.0","*","99.99"," ","999.9","001000"
"71843799999","2020-02-11","64.1166667","-117.3666667","213.0","RAE LAKES, CA"," -28.2","11"," -35.1","11","1032.3","11","999.9"," 0"," 15.0","11","  2.6","11","  7.0","999.9","  -5.8","*"," -38.2","*","99.99"," ","999.9","001000"
"71843799999","2020-02-12","64.1166667","-117.3666667","213.0","RAE LAKES, CA"," -30.8","11"," -37.9","11","1032.9","11","999.9"," 0"," 15.0","11","  1.4","11","  5.1","999.9"," -22.0","*"," -36.4","*"," 0.00","I","999.9","000000"
"71843799999","2020-02-13","64.1166667","-117.3666667","213.0","RAE LAKES, CA"," -12.5","11"," -18.7","11","1011.9","11","999.9"," 0","  4.4","11","  7.9","11"," 13.0","999.9","  -7.6","*"," -25.6","*","99.99"," ","999.9","001000"
"71843799999","2020-02-14","64.1166667","-117.3666667","213.0","RAE LAKES, CA"," -15.6"," 9"," -22.2"," 9","1017.6"," 9","999.9"," 0","  9.3"," 9"," 12.5"," 9"," 15.0"," 19.0","  -7.6","*"," -18.4","*","99.99"," ","999.9","001000"
"71843799999","2020-02-15","64.1166667","-117.3666667","213.0","RAE LAKES, CA"," -22.7"," 8"," -29.7"," 8","1022.5"," 8","999.9"," 0"," 15.0"," 8","  7.6"," 8","  8.9","999.9"," -18.4","*"," -23.8","*"," 0.00","I","999.9","000000"
"71843799999","2020-02-16","64.1166667","-117.3666667","213.0","RAE LAKES, CA"," -26.3"," 5"," -33.5"," 5","1025.8"," 5","999.9"," 0"," 15.0"," 5","  1.8"," 5","  4.1","999.9"," -23.8","*"," -31.0","*"," 0.00","I","999.9","000000"
"71843799999","2020-02-17","64.1166667","-117.3666667","213.0","RAE LAKES, CA"," -29.7","11"," -37.1","11","1032.2","11","999.9"," 0"," 15.0","11","  2.0","11","  4.1","999.9"," -18.4","*"," -41.8","*"," 0.00","I","999.9","000000"
"71843799999","2020-02-18","64.1166667","-117.3666667","213.0","RAE LAKES, CA"," -21.7","11"," -28.5","11","1027.9","11","999.9"," 0"," 15.0","11","  3.5","11","  6.0","999.9"," -14.8","*"," -36.4","*"," 0.00","I","999.9","000000"
"71843799999","2020-02-19","64.1166667","-117.3666667","213.0","RAE LAKES, CA","  -7.3","11"," -13.7","11","1010.7","11","999.9"," 0"," 15.0","11","  4.5","11","  6.0","999.9","  -0.4","*"," -13.0","*"," 0.00","I","999.9","000000"
"71843799999","2020-02-20","64.1166667","-117.3666667","213.0","RAE LAKES, CA","  24.3","11","  17.4","11"," 993.0","11","999.9"," 0"," 15.0","11"," 10.9","11"," 17.1"," 29.9","  32.0","*","  -0.4","*"," 0.00","I","999.9","000000"
"71843799999","2020-02-21","64.1166667","-117.3666667","213.0","RAE LAKES, CA","   7.2","12","   1.2","12"," 994.1","12","999.9"," 0"," 12.8","12","  7.9","12"," 13.0"," 19.0","  30.2","*","   1.4","*","99.99"," ","999.9","001000"
"71843799999","2020-02-22","64.1166667","-117.3666667","213.0","RAE LAKES, CA","  -4.9"," 8"," -11.7"," 8","1002.2"," 8","999.9"," 0"," 13.8"," 8","  4.2"," 8","  8.0","999.9","   1.4","*"," -11.2","*","99.99"," ","999.9","001000"
"71843799999","2020-02-23","64.1166667","-117.3666667","213.0","RAE LAKES, CA","  -8.0"," 5"," -17.7"," 5","1021.1"," 5","999.9"," 0"," 15.0"," 5","  3.2"," 5","  5.1","999.9","  -5.8","*","  -9.4","*"," 0.00","I","999.9","000000"
"71843799999","2020-02-24","64.1166667","-117.3666667","213.0","RAE LAKES, CA"," -13.6"," 9"," -21.6"," 9","1033.4"," 9","999.9"," 0"," 15.0"," 9","  2.5"," 9","  5.1","999.9","  -7.6","*"," -22.0","*"," 0.00","I","999.9","000000"
"71843799999","2020-02-25","64.1166667","-117.3666667","213.0","RAE LAKES, CA","  -8.3","10"," -16.1","10","1034.0","10","999.9"," 0"," 14.5","10","  2.9","10","  4.1","999.9","  -5.8","*"," -13.0","*","99.99"," ","999.9","001000"
"71843799999","2020-02-26","64.1166667","-117.3666667","213.0","RAE LAKES, CA","  -8.0","10"," -14.3","10","1022.4","10","999.9"," 0"," 11.4","10","  2.8","10","  4.1","999.9","  -2.2","*"," -14.8","*","99.99"," ","999.9","001000"
"71843799999","2020-02-27","64.1166667","-117.3666667","213.0","RAE LAKES, CA","  -2.2","11","  -8.3","11","1014.6","11","999.9"," 0"," 11.2","11","  3.4","11","  6.0","999.9","   1.4","*","  -7.6","*","99.99"," ","999.9","001000"
"71843799999","2020-02-28","64.1166667","-117.3666667","213.0","RAE LAKES, CA","  -8.0"," 9"," -14.8"," 9","1014.6"," 9","999.9"," 0"," 14.4"," 9"," 10.5"," 9"," 13.0","999.9","   1.4","*"," -13.0","*","99.99"," ","999.9","001000"
"71843799999","2020-02-29","64.1166667","-117.3666667","213.0","RAE LAKES, CA"," -12.8"," 8"," -20.4"," 8","1020.0"," 8","999.9"," 0"," 12.9"," 8"," 12.7"," 8"," 15.9","999.9","  -9.4","*"," -14.8","*","99.99"," ","999.9","001000"
"71843799999","2020-03-01","64.1166667","-117.3666667","213.0","RAE LAKES, CA","  -9.8"," 5"," -18.0"," 5","1002.5"," 5","999.9"," 0"," 15.0"," 5"," 10.0"," 5"," 12.0"," 15.0","  -7.6","*"," -13.0","*"," 0.00","I","999.9","000000"
"71843799999","2020-03-02","64.1166667","-117.3666667","213.0","RAE LAKES, CA","  -7.8"," 9"," -15.8"," 9","1000.9"," 9","999.9"," 0"," 14.0"," 9","  7.2"," 9","  9.9","999.9","  -5.8","*","  -9.4","*","99.99"," ","999.9","001000"
"71843799999","2020-03-03","64.1166667","-117.3666667","213.0","RAE LAKES, CA","  -8.1","10"," -15.7","10","1002.2","10","999.9"," 0","  4.8","10","  4.1","10","  5.1","999.9","  -5.8","*"," -13.0","*","99.99"," ","999.9","001000"
"71843799999","2020-03-04","64.1166667","-117.3666667","213.0","RAE LAKES, CA"," -11.0","11"," -18.1","11","1010.2","11","999.9"," 0","  7.6","11","  8.9","11"," 14.0"," 15.9","  -5.8","*"," -14.8","*","99.99"," ","999.9","001000"
"71843799999","2020-03-05","64.1166667","-117.3666667","213.0","RAE LAKES, CA"," -13.7"," 5"," -22.4"," 5","1027.0"," 5","999.9"," 0"," 15.0"," 5","  6.4"," 5"," 11.1","999.9"," -13.0","*"," -14.8","*","99.99"," ","999.9","001000"
"71843799999","2020-03-06","64.1166667","-117.3666667","213.0","RAE LAKES, CA"," -17.6"," 9"," -27.2"," 9","1032.8"," 9","999.9"," 0"," 15.0"," 9","  4.1"," 9","  9.9","999.9"," -11.2","*"," -32.8","*"," 0.00","I","999.9","000000"
"71843799999","2020-03-08","64.1166667","-117.3666667","213.0","RAE LAKES, CA","  -2.7"," 4"," -13.0"," 4","1014.4"," 4","999.9"," 0"," 15.0"," 4","  7.5"," 4","  8.9","999.9","  -2.2","*","  -4.0","*"," 0.00","I","999.9","000000"
"71843799999","2020-03-09","64.1166667","-117.3666667","213.0","RAE LAKES, CA","  -3.6","10"," -12.3","10","1010.6","10","999.9"," 0"," 15.0","10","  3.4","10","  6.0","999.9","   8.6","*"," -22.0","*"," 0.00","I","999.9","000000"
"71843799999","2020-03-10","64.1166667","-117.3666667","213.0","RAE LAKES, CA","   4.2"," 9","  -4.8"," 9","1005.5"," 9","999.9"," 0"," 15.0"," 9","  5.9"," 9","  8.0","999.9","  10.4","*","  -4.0","*","99.99"," ","999.9","001000"
"71843799999","2020-03-11","64.1166667","-117.3666667","213.0","RAE LAKES, CA","  -4.2"," 9"," -13.2"," 9","1022.7"," 9","999.9"," 0"," 15.0"," 9","  6.7"," 9","  8.9","999.9","  14.0","*"," -14.8","*"," 0.00","I","999.9","000000"
"71843799999","2020-04-01","64.1166667","-117.3666667","213.0","RAE LAKES, CA","  -1.1","10"," -17.5","10","1048.5","10","999.9"," 0"," 15.0","10","  4.4","10","  7.0","999.9","   6.8","*"," -11.2","*"," 0.00","I","999.9","000000"
"71843799999","2020-04-02","64.1166667","-117.3666667","213.0","RAE LAKES, CA","  -7.3","11"," -18.9","11","1043.6","11","999.9"," 0"," 15.0","11","  8.8","11"," 11.1"," 15.0","   6.8","*"," -20.2","*","99.99"," ","999.9","001000"
"71843799999","2020-04-03","64.1166667","-117.3666667","213.0","RAE LAKES, CA","   8.1","11","  -0.2","11","1023.6","11","999.9"," 0","  8.3","11","  7.6","11"," 14.0"," 18.1","  19.4","*","  -4.0","*","99.99"," ","999.9","001000"
"71843799999","2020-04-04","64.1166667","-117.3666667","213.0","RAE LAKES, CA","  -0.4"," 7"," -10.9"," 7","1023.5"," 7","999.9"," 0"," 15.0"," 7","  2.7"," 7","  8.0","999.9","   8.6","*","  -7.6","*"," 0.00","I","999.9","000000"
"71843799999","2020-04-05","64.1166667","-117.3666667","213.0","RAE LAKES, CA","   8.1","10","  -6.3","10","1020.5","10","999.9"," 0"," 15.0","10","  4.7","10","  9.9","999.9","  23.0","*"," -18.4","*"," 0.00","I","999.9","000000"
"71843799999","2020-04-06","64.1166667","-117.3666667","213.0","RAE LAKES, CA","  19.8","10","   7.5","10","1007.2","10","999.9"," 0"," 15.0","10"," 12.2","10"," 17.1"," 22.9","  28.4","*","   8.6","*"," 0.00","I","999.9","000000"
"71843799999","2020-04-07","64.1166667","-117.3666667","213.0","RAE LAKES, CA","  23.0","12","  14.0","12","1011.2","12","999.9"," 0"," 14.4","12","  5.7","12"," 15.0"," 22.9","  30.2","*","   8.6","*","99.99"," ","999.9","001000"
"71843799999","2020-04-08","64.1166667","-117.3666667","213.0","RAE LAKES, CA","  20.0"," 9","   2.8"," 9","1026.1"," 9","999.9"," 0"," 14.4"," 9","  5.7"," 9"," 12.0","999.9","  26.6","*","   3.2","*","99.99"," ","999.9","001000"
"71843799999","2020-04-10","64.1166667","-117.3666667","213.0","RAE LAKES, CA","  14.7","10","   7.0","10","1026.2","10","999.9"," 0"," 10.7","10"," 16.2","10"," 22.0"," 28.9","  17.6","*","  12.2","*","99.99"," ","999.9","001000"
"71843799999","2020-04-11","64.1166667","-117.3666667","213.0","RAE LAKES, CA","   8.9"," 7","   1.4"," 7","1031.4"," 7","999.9"," 0"," 15.0"," 7","  9.0"," 7"," 17.1"," 22.9","  15.8","*","  -0.4","*"," 0.00","I","999.9","000000"
"71843799999","2020-04-12","64.1166667","-117.3666667","213.0","RAE LAKES, CA","   9.7","10","  -0.8","10","1033.3","10","999.9"," 0"," 15.0","10","  3.5","10","  5.1","999.9","  19.4","*","  -7.6","*"," 0.00","I","999.9","000000"
"71843799999","2020-04-13","64.1166667","-117.3666667","213.0","RAE LAKES, CA","  13.7"," 6","   1.7"," 6","1022.3"," 6","999.9"," 0"," 15.0"," 6","  2.6"," 6","  7.0","999.9","  21.2","*","   1.4","*"," 0.00","I","999.9","000000"
"71843799999","2020-04-14","64.1166667","-117.3666667","213.0","RAE LAKES, CA","  26.4","10","  19.8","10","1022.9","10","999.9"," 0"," 11.3","10"," 10.9","10"," 17.1"," 20.0","  30.2","*","  21.2","*","99.99"," ","999.9","001000"
"71843799999","2020-04-15","64.1166667","-117.3666667","213.0","RAE LAKES, CA","  27.0","10","  17.2","10","1030.7","10","999.9"," 0"," 15.0","10","  4.6","10"," 12.0"," 18.1","  33.8","*","  14.0","*"," 0.00","I","999.9","000000"
"71843799999","2020-04-16","64.1166667","-117.3666667","213.0","RAE LAKES, CA","  31.3","11","  21.0","11","1010.7","11","999.9"," 0"," 15.0","11","  3.9","11","  6.0","999.9","  37.4","*","  23.0","*"," 0.00","I","999.9","000000"
"71843799999","2020-04-17","64.1166667","-117.3666667","213.0","RAE LAKES, CA","  24.8","11","  17.3","11","1015.2","11","999.9"," 0"," 14.1","11","  9.8","11"," 15.0"," 20.0","  37.4","*","  21.2","*","99.99"," ","999.9","001000"
"71843799999","2020-04-18","64.1166667","-117.3666667","213.0","RAE LAKES, CA","  23.5"," 7","  17.6"," 7","1008.9"," 7","999.9"," 0","  4.8"," 7","  8.0"," 7"," 15.9"," 21.0","  30.2","*","  17.6","*","99.99"," ","999.9","001000"
"71843799999","2020-04-19","64.1166667","-117.3666667","213.0","RAE LAKES, CA","  20.5"," 8","  10.8"," 8","1010.4"," 8","999.9"," 0"," 13.8"," 8"," 11.2"," 8"," 19.0"," 28.9","  26.6","*","  14.0","*","99.99"," ","999.9","001000"
"71843799999","2020-04-20","64.1166667","-117.3666667","213.0","RAE LAKES, CA","  23.7","10","  10.2","10","1011.1","10","999.9"," 0"," 15.0","10","  5.2","10"," 13.0"," 19.0","  30.2","*","  15.8","*"," 0.00","I","999.9","000000"
"71843799999","2020-04-21","64.1166667","-117.3666667","213.0","RAE LAKES, CA","  23.7","11","  17.6","11","1007.7","11","999.9"," 0","  8.6","11","  6.9","11"," 12.0","999.9","  30.2","*","  19.4","*","99.99"," ","999.9","011000"
"71843799999","2020-04-22","64.1166667","-117.3666667","213.0","RAE LAKES, CA","  14.5","10","   5.0","10","1010.7","10","999.9"," 0"," 10.7","10","  5.6","10","  8.9","999.9","  26.6","*","   8.6","*","99.99"," ","999.9","001000"
"71843799999","2020-04-23","64.1166667","-117.3666667","213.0","RAE LAKES, CA","  24.2"," 9","   9.2"," 9","1012.1"," 9","999.9"," 0"," 15.0"," 9","  7.5"," 9"," 12.0"," 19.0","  28.4","*","  17.6","*"," 0.00","I","999.9","000000"
"71843799999","2020-04-24","64.1166667","-117.3666667","213.0","RAE LAKES, CA","  12.0","10","  -1.5","10","1022.3","10","999.9"," 0"," 15.0","10","  4.9","10","  8.0","999.9","  24.8","*","   6.8","*"," 0.00","I","999.9","000000"
"71843799999","2020-04-25","64.1166667","-117.3666667","213.0","RAE LAKES, CA","   8.2"," 5","  -7.2"," 5","1021.9"," 5","999.9"," 0"," 15.0"," 5","  6.6"," 5","  8.0","999.9","  14.0","*","   3.2","*"," 0.00","I","999.9","000000"
"71843799999","2020-04-27","64.1166667","-117.3666667","213.0","RAE LAKES, CA","  20.8","10","   8.1","10","1004.0","10","999.9"," 0"," 15.0","10","  7.9","10","  9.9"," 15.9","  32.0","*","   8.6","*"," 0.00","I","999.9","000000"
"71843799999","2020-04-28","64.1166667","-117.3666667","213.0","RAE LAKES, CA","  36.4","11","  21.7","11","1001.8","11","999.9"," 0"," 15.0","11","  4.3","11","  8.0","999.9","  46.4","*","  21.2","*"," 0.00","I","999.9","000000"
"71843799999","2020-04-29","64.1166667","-117.3666667","213.0","RAE LAKES, CA","  38.1","11","  29.9","11","1005.3","11","999.9"," 0"," 13.1","11"," 10.2","11"," 14.0"," 20.0","  46.4","*","  33.8","*","99.99"," ","999.9","001000"
"71843799999","2020-04-30","64.1166667","-117.3666667","213.0","RAE LAKES, CA","  31.5"," 7","  22.0"," 7","1016.0"," 7","999.9"," 0"," 15.0"," 7","  8.5"," 7","  9.9"," 15.0","  39.2","*","  26.6","*"," 0.00","I","999.9","000000"
"71843799999","2020-05-01","64.1166667","-117.3666667","213.0","RAE LAKES, CA","  33.4","10","  25.3","10","1019.1","10","999.9"," 0"," 15.0","10","  2.6","10","  7.0","999.9","  37.4","*","  30.2","*"," 0.00","I","999.9","000000"
"71843799999","2020-05-02","64.1166667","-117.3666667","213.0","RAE LAKES, CA","  38.0"," 6","  30.8"," 6","1018.4"," 6","999.9"," 0"," 15.0"," 6","  1.7"," 6","  4.1","999.9","  41.0","*","  35.6","*"," 0.00","I","999.9","000000"
"71843799999","2020-05-03","64.1166667","-117.3666667","213.0","RAE LAKES, CA","  31.1"," 6","  27.2"," 6","1021.7"," 6","999.9"," 0","  4.8"," 6"," 10.5"," 6"," 13.0"," 15.0","  32.0","*","  30.2","*","99.99"," ","999.9","001000"
"71843799999","2020-05-04","64.1166667","-117.3666667","213.0","RAE LAKES, CA","  25.2","10","  12.6","10","1030.4","10","999.9"," 0"," 14.5","10","  3.9","10","  9.9","999.9","  32.0","*","  15.8","*","99.99"," ","999.9","001000"
"71843799999","2020-05-05","64.1166667","-117.3666667","213.0","RAE LAKES, CA","  36.0","10","  17.1","10","1028.9","10","999.9"," 0"," 15.0","10","  7.6","10","  8.9"," 15.0","  42.8","*","  30.2","*"," 0.00","I","999.9","000000"
"71843799999","2020-05-06","64.1166667","-117.3666667","213.0","RAE LAKES, CA","  41.7"," 8","  22.8"," 8","1022.8"," 8","999.9"," 0"," 15.0"," 8","  5.5"," 8","  8.0","999.9","  44.6","*","  39.2","*"," 0.00","I","999.9","000000"
"71843799999","2020-05-07","64.1166667","-117.3666667","213.0","RAE LAKES, CA","  45.0","10","  32.7","10","1029.8","10","999.9"," 0"," 15.0","10","  3.9","10","  9.9","999.9","  50.0","*","  37.4","*"," 0.00","I","999.9","000000"
"71843799999","2020-05-08","64.1166667","-117.3666667","213.0","RAE LAKES, CA","  34.3","11","  25.8","11","1039.3","11","999.9"," 0"," 15.0","11"," 10.2","11"," 13.0"," 32.1","  42.8","*","  30.2","*"," 0.00","I","999.9","000000"
"71843799999","2020-05-09","64.1166667","-117.3666667","213.0","RAE LAKES, CA","  29.9"," 6","  18.8"," 6","1048.5"," 6","999.9"," 0"," 15.0"," 6","  8.4"," 6","  9.9","999.9","  35.6","*","  26.6","*"," 0.00","I","999.9","000000"
"71843799999","2020-05-11","64.1166667","-117.3666667","213.0","RAE LAKES, CA","  51.1"," 5","  28.4"," 5","1018.2"," 5","999.9"," 0"," 15.0"," 5","  6.0"," 5","  8.0","999.9","  53.6","*","  48.2","*"," 0.00","I","999.9","000000"
"71843799999","2020-05-12","64.1166667","-117.3666667","213.0","RAE LAKES, CA","  35.2"," 8","  23.2"," 8","1014.8"," 8","999.9"," 0"," 15.0"," 8"," 10.0"," 8"," 13.0"," 19.0","  51.8","*","  32.0","*"," 0.00","I","999.9","000000"
"71843799999","2020-05-13","64.1166667","-117.3666667","213.0","RAE LAKES, CA","  22.3","11","  15.6","11","1013.7","11","999.9"," 0","  4.8","11","  9.1","11"," 15.9"," 21.0","  32.0","*","  19.4","*","99.99"," ","999.9","001000"
"71843799999","2020-05-14","64.1166667","-117.3666667","213.0","RAE LAKES, CA","  20.2","11","   8.6","11","1019.4","11","999.9"," 0"," 13.3","11","  8.1","11"," 13.0"," 21.0","  26.6","*","  12.2","*","99.99"," ","999.9","001000"
"71843799999","2020-05-15","64.1166667","-117.3666667","213.0","RAE LAKES, CA","  30.8"," 9","  22.6"," 9","1013.2"," 9","999.9"," 0","  6.6"," 9","  9.3"," 9"," 11.1"," 17.1","  33.8","*","  26.6","*","99.99"," ","999.9","001000"
"71843799999","2020-05-16","64.1166667","-117.3666667","213.0","RAE LAKES, CA","  28.7"," 7","  15.3"," 7","1013.0"," 7","999.9"," 0"," 14.3"," 7"," 13.5"," 7"," 18.1"," 27.0","  35.6","*","  24.8","*","99.99"," ","999.9","001000"
"71843799999","2020-05-17","64.1166667","-117.3666667","213.0","RAE LAKES, CA","  31.1"," 6","  15.5"," 6","1019.4"," 6","999.9"," 0"," 15.0"," 6","  4.9"," 6","  7.0","999.9","  32.0","*","  28.4","*","99.99"," ","999.9","001000"
"71843799999","2020-05-18","64.1166667","-117.3666667","213.0","RAE LAKES, CA","  32.8","11","  19.6","11","1020.2","11","999.9"," 0"," 15.0","11","  4.9","11","  6.0","999.9","  37.4","*","  28.4","*","99.99"," ","999.9","001000"
"71843799999","2020-05-19","64.1166667","-117.3666667","213.0","RAE LAKES, CA","  35.9"," 7","  18.6"," 7","1019.9"," 7","999.9"," 0"," 15.0"," 7","  3.2"," 7","  5.1","999.9","  37.4","*","  33.8","*"," 0.00","I","999.9","000000"
"71843799999","2020-05-20","64.1166667","-117.3666667","213.0","RAE LAKES, CA","  41.4"," 9","  22.4"," 9","1023.1"," 9","999.9"," 0"," 15.0"," 9","  4.0"," 9","  7.0","999.9","  46.4","*","  35.6","*"," 0.00","I","999.9","000000"
"71843799999","2020-05-21","64.1166667","-117.3666667","213.0","RAE LAKES, CA","  43.7","10","  20.7","10","1023.3","10","999.9"," 0"," 15.0","10","  5.8","10","  8.0","999.9","  50.0","*","  35.6","*"," 0.00","I","999.9","000000"
"71843799999","2020-05-22","64.1166667","-117.3666667","213.0","RAE LAKES, CA","  41.0"," 8","  35.4"," 8","1017.3"," 8","999.9"," 0"," 10.1"," 8","  4.5"," 8","  6.0","999.9","  50.0","*","  35.6","*","99.99"," ","999.9","010000"
"71843799999","2020-05-23","64.1166667","-117.3666667","213.0","RAE LAKES, CA","  44.6"," 4","  32.9"," 4","1014.5"," 4","999.9"," 0"," 15.0"," 4","  4.8"," 4","  6.0","999.9","  46.4","*","  42.8","*"," 0.00","I","999.9","000000"
"71843799999","2020-05-24","64.1166667","-117.3666667","213.0","RAE LAKES, CA","  43.3"," 7","  28.1"," 7","1015.0"," 7","999.9"," 0"," 15.0"," 7","  7.0"," 7","  8.9","999.9","  46.4","*","  41.0","*"," 0.00","I","999.9","000000"
"71843799999","2020-05-25","64.1166667","-117.3666667","213.0","RAE LAKES, CA","  43.7","10","  27.1","10","1013.9","10","999.9"," 0"," 15.0","10","  7.5","10","  8.9","999.9","  50.0","*","  37.4","*"," 0.00","I","999.9","000000"
"71843799999","2020-05-26","64.1166667","-117.3666667","213.0","RAE LAKES, CA","  50.3"," 7","  27.4"," 7","1014.2"," 7","999.9"," 0"," 15.0"," 7","  5.0"," 7","  8.0","999.9","  51.8","*","  46.4","*"," 0.00","I","999.9","000000"
"71843799999","2020-05-27","64.1166667","-117.3666667","213.0","RAE LAKES, CA","  52.0"," 8","  26.2"," 8","1021.2"," 8","999.9"," 0"," 15.0"," 8","  4.6"," 8","  7.0","999.9","  55.4","*","  46.4","*"," 0.00","I","999.9","000000"
"71843799999","2020-05-28","64.1166667","-117.3666667","213.0","RAE LAKES, CA","  46.1"," 7","  25.8"," 7","1029.4"," 7","999.9"," 0"," 15.0"," 7","  6.4"," 7","  8.0","999.9","  53.6","*","  41.0","*"," 0.00","I","999.9","000000"
"71843799999","2020-05-29","64.1166667","-117.3666667","213.0","RAE LAKES, CA","  52.8"," 7","  28.1"," 7","1027.7"," 7","999.9"," 0"," 15.0"," 7","  4.6"," 7","  6.0","999.9","  59.0","*","  44.6","*"," 0.00","I","999.9","000000"
"71843799999","2020-05-30","64.1166667","-117.3666667","213.0","RAE LAKES, CA","  55.4"," 7","  25.1"," 7","1021.5"," 7","999.9"," 0"," 15.0"," 7","  4.2"," 7","  5.1","999.9","  59.0","*","  50.0","*"," 0.00","I","999.9","000000"
"71843799999","2020-05-31","64.1166667","-117.3666667","213.0","RAE LAKES, CA","  53.1","10","  26.8","10","1013.9","10","999.9"," 0"," 15.0","10","  8.0","10"," 11.1"," 17.1","  59.0","*","  42.8","*"," 0.00","I","999.9","000000"
"71843799999","2020-06-01","64.1166667","-117.3666667","213.0","RAE LAKES, CA","  45.1"," 7","  28.7"," 7","1007.9"," 7","999.9"," 0"," 15.0"," 7","  7.3"," 7","  8.9","999.9","  55.4","*","  39.2","*"," 0.00","I","999.9","000000"
"71843799999","2020-06-02","64.1166667","-117.3666667","213.0","RAE LAKES, CA","  44.6"," 9","  32.4"," 9","1006.4"," 9","999.9"," 0"," 15.0"," 9","  9.3"," 9"," 12.0"," 17.1","  46.4","*","  42.8","*","99.99"," ","999.9","010000"
"71843799999","2020-06-03","64.1166667","-117.3666667","213.0","RAE LAKES, CA","  44.1","10","  30.4","10","1013.7","10","999.9"," 0"," 14.9","10","  6.1","10","  8.9","999.9","  46.4","*","  39.2","*","99.99"," ","999.9","010000"
"71843799999","2020-06-04","64.1166667","-117.3666667","213.0","RAE LAKES, CA","  48.6"," 9","  28.2"," 9","1018.8"," 9","999.9"," 0"," 15.0"," 9","  4.3"," 9","  7.0","999.9","  51.8","*","  42.8","*"," 0.00","I","999.9","000000"
"71843799999","2020-06-05","64.1166667","-117.3666667","213.0","RAE LAKES, CA","  55.4","10","  31.8","10","1019.1","10","999.9"," 0"," 15.0","10","  5.0","10","  8.9","999.9","  59.0","*","  50.0","*"," 0.00","I","999.9","000000"
"71843799999","2020-06-06","64.1166667","-117.3666667","213.0","RAE LAKES, CA","  59.5"," 4","  37.4"," 4","1019.3"," 4","999.9"," 0"," 15.0"," 4","  7.2"," 4","  8.9"," 15.0","  64.4","*","  55.4","*"," 0.00","I","999.9","000000"
"71843799999","2020-06-07","64.1166667","-117.3666667","213.0","RAE LAKES, CA","  63.7"," 5","  32.0"," 5","1017.3"," 5","999.9"," 0"," 15.0"," 5"," 10.0"," 5"," 11.1"," 22.0","  66.2","*","  60.8","*"," 0.00","I","999.9","000000"
"71843799999","2020-06-08","64.1166667","-117.3666667","213.0","RAE LAKES, CA","  51.0","11","  28.7","11","1015.4","11","999.9"," 0"," 15.0","11","  9.8","11"," 13.0"," 21.0","  66.2","*","  44.6","*","99.99"," ","999.9","010000"
"71843799999","2020-06-09","64.1166667","-117.3666667","213.0","RAE LAKES, CA","  44.3"," 7","  33.8"," 7","1014.5"," 7","999.9"," 0"," 15.0"," 7","  8.0"," 7"," 11.1"," 17.1","  48.2","*","  42.8","*","99.99"," ","999.9","010000"
"71843799999","2020-06-10","64.1166667","-117.3666667","213.0","RAE LAKES, CA","  46.6"," 8","  33.1"," 8","1018.8"," 8","999.9"," 0"," 15.0"," 8","  8.5"," 8"," 13.0"," 19.0","  51.8","*","  41.0","*","99.99"," ","999.9","010000"
"71843799999","2020-06-11","64.1166667","-117.3666667","213.0","RAE LAKES, CA","  53.6"," 5","  42.1"," 5","1020.6"," 5","999.9"," 0"," 15.0"," 5","  5.8"," 5","  7.0","999.9","9999.9"," ","  51.8","*"," 0.00","I","999.9","000000"
"71843799999","2020-06-12","64.1166667","-117.3666667","213.0","RAE LAKES, CA","  60.4","10","  40.3","10","1019.2","10","999.9"," 0"," 15.0","10","  4.8","10","  7.0","999.9","  66.2","*","  55.4","*"," 0.00","I","999.9","000000"
"71843799999","2020-06-14","64.1166667","-117.3666667","213.0","RAE LAKES, CA","  66.6"," 5","  28.8"," 5","1015.0"," 5","999.9"," 0"," 15.0"," 5"," 12.8"," 5"," 14.0"," 21.0","  68.0","*","  64.4","*"," 0.00","I","999.9","000000"
"71843799999","2020-06-15","64.1166667","-117.3666667","213.0","RAE LAKES, CA","  64.7"," 7","  32.3"," 7","1011.2"," 7","999.9"," 0"," 15.0"," 7"," 15.2"," 7"," 19.0"," 31.1","  68.0","*","  60.8","*"," 0.00","I","999.9","000000"
"71843799999","2020-06-16","64.1166667","-117.3666667","213.0","RAE LAKES, CA","  63.2"," 6","  38.3"," 6","1018.0"," 6","999.9"," 0"," 15.0"," 6"," 12.2"," 6"," 15.0"," 26.0","  66.2","*","  59.0","*"," 0.00","I","999.9","000000"
"71843799999","2020-06-17","64.1166667","-117.3666667","213.0","RAE LAKES, CA","  61.0","11","  41.2","11","1021.2","11","999.9"," 0"," 15.0","11","  8.9","11"," 12.0"," 22.0","  66.2","*","  50.0","*"," 0.00","I","999.9","000000"
"71843799999","2020-06-18","64.1166667","-117.3666667","213.0","RAE LAKES, CA","  68.2","11","  49.5","11","1013.9","11","999.9"," 0"," 15.0","11","  7.6","11"," 11.1"," 22.9","  75.2","*","  59.0","*"," 0.00","I","999.9","000000"
"71843799999","2020-06-19","64.1166667","-117.3666667","213.0","RAE LAKES, CA","  78.0"," 9","  51.0"," 9","1007.2"," 9","999.9"," 0"," 15.0"," 9","  5.9"," 9","  8.0"," 17.1","  82.4","*","  71.6","*"," 0.00","I","999.9","000000"
"71843799999","2020-06-20","64.1166667","-117.3666667","213.0","RAE LAKES, CA","  73.4"," 6","  52.4"," 6","1004.8"," 6","999.9"," 0"," 15.0"," 6","  5.5"," 6","  8.0","999.9","  77.0","*","  66.2","*"," 0.00","I","999.9","000000"
"71843799999","2020-06-22","64.1166667","-117.3666667","213.0","RAE LAKES, CA","  70.3","10","  43.5","10","1002.8","10","999.9"," 0"," 15.0","10","  8.0","10"," 13.0"," 24.1","  71.6","*","  66.2","*"," 0.00","I","999.9","000000"
"71843799999","2020-06-23","64.1166667","-117.3666667","213.0","RAE LAKES, CA","  68.7"," 8","  42.8"," 8"," 998.7"," 8","999.9"," 0"," 15.0"," 8","  5.1"," 8"," 11.1"," 17.1","  71.6","*","  64.4","*"," 0.00","I","999.9","000010"
"71843799999","2020-06-24","64.1166667","-117.3666667","213.0","RAE LAKES, CA","  57.8"," 6","  43.1"," 6","1003.8"," 6","999.9"," 0"," 15.0"," 6","  8.1"," 6","  8.9","999.9","  59.0","*","  57.2","*"," 0.00","I","999.9","000000"
"71843799999","2020-06-25","64.1166667","-117.3666667","213.0","RAE LAKES, CA","  53.9","11","  45.6","11","1006.0","11","999.9"," 0"," 15.0","11","  4.6","11","  7.0","999.9","  59.0","*","  50.0","*","99.99"," ","999.9","010000"
"71843799999","2020-06-26","64.1166667","-117.3666667","213.0","RAE LAKES, CA","  64.0","10","  41.0","10","1003.9","10","999.9"," 0"," 15.0","10","  3.1","10","  6.0","999.9","  69.8","*","  55.4","*"," 0.00","I","999.9","000000"
"71843799999","2020-06-29","64.1166667","-117.3666667","213.0","RAE LAKES, CA","  74.2"," 7","  45.1"," 7","1011.3"," 7","999.9"," 0"," 15.0"," 7","  7.0"," 7","  8.0"," 18.1","  77.0","*","  69.8","*"," 0.00","I","999.9","000000"
"71843799999","2020-06-30","64.1166667","-117.3666667","213.0","RAE LAKES, CA","  77.7"," 8","  46.2"," 8","1015.9"," 8","999.9"," 0"," 15.0"," 8","  5.0"," 8","  8.9"," 19.0","  80.6","*","  73.4","*"," 0.00","I","999.9","000000"
"71843799999","2020-07-01","64.1166667","-117.3666667","213.0","RAE LAKES, CA","  75.9","11","  46.1","11","1018.5","11","999.9"," 0"," 15.0","11","  9.2","11"," 12.0"," 18.1","  80.6","*","  71.6","*"," 0.00","I","999.9","000000"
"71843799999","2020-07-02","64.1166667","-117.3666667","213.0","RAE LAKES, CA","  64.0","10","  49.5","10","1013.2","10","999.9"," 0"," 15.0","10","  8.2","10"," 12.0"," 17.1","  75.2","*","  60.8","*","99.99"," ","999.9","010000"
"71843799999","2020-07-03","64.1166667","-117.3666667","213.0","RAE LAKES, CA","  55.4","10","  48.9","10","1014.6","10","999.9"," 0"," 12.6","10"," 11.3","10"," 15.9"," 20.0","  60.8","*","  51.8","*","99.99"," ","999.9","010000"
"71843799999","2020-07-04","64.1166667","-117.3666667","213.0","RAE LAKES, CA","  55.0"," 5","  50.4"," 5","1014.5"," 5","999.9"," 0"," 13.0"," 5"," 12.4"," 5"," 14.0"," 18.1","  57.2","*","  53.6","*","99.99"," ","999.9","010000"
"71843799999","2020-07-05","64.1166667","-117.3666667","213.0","RAE LAKES, CA","  66.6"," 5","  43.2"," 5","1013.7"," 5","999.9"," 0"," 15.0"," 5"," 10.2"," 5"," 11.1"," 15.9","  68.0","*","  64.4","*"," 0.00","I","999.9","000000"
"71843799999","2020-07-06","64.1166667","-117.3666667","213.0","RAE LAKES, CA","  63.3"," 8","  44.6"," 8","1011.3"," 8","999.9"," 0"," 15.0"," 8"," 11.4"," 8"," 15.9"," 19.0","  68.0","*","  60.8","*"," 0.00","I","999.9","000000"
"71843799999","2020-07-07","64.1166667","-117.3666667","213.0","RAE LAKES, CA","  58.5"," 7","  45.6"," 7","1012.6"," 7","999.9"," 0"," 15.0"," 7"," 12.2"," 7"," 17.1","999.9","  64.4","*","  55.4","*","99.99"," ","999.9","010000"
"71843799999","2020-07-08","64.1166667","-117.3666667","213.0","RAE LAKES, CA","  62.4"," 8","  48.2"," 8","1012.8"," 8","999.9"," 0"," 15.0"," 8","  5.0"," 8","  8.9"," 15.9","  64.4","*","  59.0","*","99.99"," ","999.9","010000"
"71843799999","2020-07-09","64.1166667","-117.3666667","213.0","RAE LAKES, CA","  63.1"," 7","  50.5"," 7","1010.9"," 7","999.9"," 0"," 15.0"," 7","  4.2"," 7","  7.0","999.9","  64.4","*","  60.8","*","99.99"," ","999.9","010000"
"71843799999","2020-07-10","64.1166667","-117.3666667","213.0","RAE LAKES, CA","  60.5"," 7","  52.8"," 7","1010.2"," 7","999.9"," 0"," 13.6"," 7","  3.4"," 7","  5.1","999.9","  64.4","*","  57.2","*","99.99"," ","999.9","010000"
"71843799999","2020-07-11","64.1166667","-117.3666667","213.0","RAE LAKES, CA","  61.7"," 4","  54.0"," 4","1009.8"," 4","999.9"," 0"," 15.0"," 4","  4.5"," 4","  6.0","999.9","  64.4","*","  59.0","*"," 0.00","I","999.9","000000"
"71843799999","2020-07-12","64.1166667","-117.3666667","213.0","RAE LAKES, CA","  62.0"," 6","  53.9"," 6","1002.8"," 6","999.9"," 0"," 15.0"," 6","  3.5"," 6","  5.1","999.9","  64.4","*","  59.0","*"," 0.00","I","999.9","000000"
"71843799999","2020-07-13","64.1166667","-117.3666667","213.0","RAE LAKES, CA","  61.4"," 6","  50.9"," 6","1006.0"," 6","999.9"," 0"," 15.0"," 6"," 11.4"," 6"," 14.0"," 21.0","  64.4","*","  59.0","*"," 0.00","I","999.9","000000"
"71843799999","2020-07-14","64.1166667","-117.3666667","213.0","RAE LAKES, CA","  63.9","10","  46.6","10","1009.8","10","999.9"," 0"," 15.0","10"," 11.0","10"," 13.0"," 19.0","  69.8","*","  57.2","*"," 0.00","I","999.9","000000"
"71843799999","2020-07-15","64.1166667","-117.3666667","213.0","RAE LAKES, CA","  68.2","10","  43.9","10","1011.4","10","999.9"," 0"," 15.0","10","  5.0","10","  8.0","999.9","  71.6","*","  60.8","*"," 0.00","I","999.9","000000"
"71843799999","2020-07-16","64.1166667","-117.3666667","213.0","RAE LAKES, CA","  70.7"," 6","  43.1"," 6","1009.9"," 6","999.9"," 0"," 15.0"," 6","  4.9"," 6","  7.0","999.9","  71.6","*","  68.0","*"," 0.00","I","999.9","000000"
"71843799999","2020-07-17","64.1166667","-117.3666667","213.0","RAE LAKES, CA","  69.3","10","  46.8","10","1009.4","10","999.9"," 0"," 15.0","10","  4.3","10","  6.0","999.9","  73.4","*","  60.8","*"," 0.00","I","999.9","000000"
"71843799999","2020-07-18","64.1166667","-117.3666667","213.0","RAE LAKES, CA","  74.8"," 4","  50.5"," 4","1008.9"," 4","999.9"," 0"," 15.0"," 4","  5.3"," 4","  8.0","999.9","  77.0","*","  71.6","*"," 0.00","I","999.9","000000"
"71843799999","2020-07-19","64.1166667","-117.3666667","213.0","RAE LAKES, CA","  65.8"," 9","  57.4"," 9","1013.0"," 9","999.9"," 0"," 15.0"," 9","  8.4"," 9"," 12.0","999.9","  68.0","*","  62.6","*"," 0.00","I","999.9","000000"
"71843799999","2020-07-20","64.1166667","-117.3666667","213.0","RAE LAKES, CA","  73.1"," 7","  47.9"," 7","1012.4"," 7","999.9"," 0"," 15.0"," 7","  4.6"," 7"," 11.1","999.9","  77.0","*","  69.8","*"," 0.00","I","999.9","000000"
"71843799999","2020-07-21","64.1166667","-117.3666667","213.0","RAE LAKES, CA","  71.0"," 6","  54.8"," 6","1006.2"," 6","999.9"," 0"," 15.0"," 6","  5.7"," 6","  7.0"," 15.0","  75.2","*","  66.2","*","99.99"," ","999.9","010000"
"71843799999","2020-07-22","64.1166667","-117.3666667","213.0","RAE LAKES, CA","  59.3"," 6","  56.0"," 6","1005.6"," 6","999.9"," 0","  8.7"," 6"," 12.4"," 6"," 18.1"," 22.9","  64.4","*","  57.2","*","99.99"," ","999.9","010000"
"71843799999","2020-07-23","64.1166667","-117.3666667","213.0","RAE LAKES, CA","  58.3","10","  56.5","10","1000.8","10","999.9"," 0","  6.3","10","  8.4","10"," 13.0"," 22.0","  60.8","*","  57.2","*","99.99"," ","999.9","010000"
"71843799999","2020-07-24","64.1166667","-117.3666667","213.0","RAE LAKES, CA","  55.7"," 6","  52.1"," 6","1002.1"," 6","999.9"," 0"," 10.1"," 6","  5.1"," 6","  7.0","999.9","  60.8","*","  53.6","*","99.99"," ","999.9","110000"
"71843799999","2020-07-26","64.1166667","-117.3666667","213.0","RAE LAKES, CA","  75.2"," 4","  50.5"," 4","1010.4"," 4","999.9"," 0"," 15.0"," 4","  7.5"," 4","  9.9"," 15.0","  77.0","*","  73.4","*"," 0.00","I","999.9","000000"
"71843799999","2020-07-27","64.1166667","-117.3666667","213.0","RAE LAKES, CA","  74.0"," 6","  50.6"," 6","1004.8"," 6","999.9"," 0"," 15.0"," 6","  7.0"," 6","  8.0","999.9","  75.2","*","  73.4","*"," 0.00","I","999.9","000000"
"71843799999","2020-07-28","64.1166667","-117.3666667","213.0","RAE LAKES, CA","  65.6"," 6","  51.5"," 6","1005.0"," 6","999.9"," 0"," 15.0"," 6","  4.5"," 6"," 11.1"," 17.1","  73.4","*","  59.0","*","99.99"," ","999.9","010010"
"71843799999","2020-07-29","64.1166667","-117.3666667","213.0","RAE LAKES, CA","  65.4"," 7","  54.1"," 7","1012.1"," 7","999.9"," 0"," 15.0"," 7","  7.4"," 7"," 13.0","999.9","  68.0","*","  62.6","*","99.99"," ","999.9","010000"
"71843799999","2020-07-30","64.1166667","-117.3666667","213.0","RAE LAKES, CA","  64.7"," 6","  53.6"," 6","1018.8"," 6","999.9"," 0"," 15.0"," 6","  6.9"," 6"," 12.0","999.9","  66.2","*","  62.6","*"," 0.00","I","999.9","000000"
"71843799999","2020-07-31","64.1166667","-117.3666667","213.0","RAE LAKES, CA","  74.4"," 7","  54.9"," 7","1019.5"," 7","999.9"," 0"," 15.0"," 7","  6.0"," 7","  8.0","999.9","  78.8","*","  66.2","*"," 0.00","I","999.9","000000"
"71843799999","2020-08-02","64.1166667","-117.3666667","213.0","RAE LAKES, CA","  79.2","10","  61.2","10","1006.4","10","999.9"," 0"," 15.0","10","  6.2","10","  8.9"," 17.1","  84.2","*","  69.8","*"," 0.00","I","999.9","000000"
"71843799999","2020-08-03","64.1166667","-117.3666667","213.0","RAE LAKES, CA","  77.3"," 6","  58.4"," 6","1001.2"," 6","999.9"," 0"," 15.0"," 6","  3.3"," 6","  8.9"," 25.1","  80.6","*","  66.2","*"," 0.00","I","999.9","000010"
"71843799999","2020-08-04","64.1166667","-117.3666667","213.0","RAE LAKES, CA","  65.9"," 7","  54.4"," 7"," 997.2"," 7","999.9"," 0"," 13.4"," 7","  6.7"," 7"," 11.1"," 15.9","  68.0","*","  64.4","*"," 0.00","I","999.9","000010"
"71843799999","2020-08-05","64.1166667","-117.3666667","213.0","RAE LAKES, CA","  63.1","11","  56.7","11","1000.5","11","999.9"," 0"," 13.0","11","  9.4","11"," 12.0"," 15.0","  68.0","*","  59.0","*"," 0.00","I","999.9","000000"
"71843799999","2020-08-06","64.1166667","-117.3666667","213.0","RAE LAKES, CA","  64.1"," 6","  53.6"," 6","1005.5"," 6","999.9"," 0"," 15.0"," 6","  4.1"," 6"," 11.1","999.9","  66.2","*","  62.6","*"," 0.00","I","999.9","000000"
"71843799999","2020-08-09","64.1166667","-117.3666667","213.0","RAE LAKES, CA","  66.5"," 6","  51.5"," 6","1007.7"," 6","999.9"," 0"," 15.0"," 6","  8.6"," 6"," 11.1","999.9","  68.0","*","  64.4","*"," 0.00","I","999.9","000000"
"71843799999","2020-08-10","64.1166667","-117.3666667","213.0","RAE LAKES, CA","  63.1","11","  54.7","11","1006.4","11","999.9"," 0"," 15.0","11","  8.0","11","  9.9","999.9","  69.8","*","  57.2","*"," 0.00","I","999.9","000000"
"71843799999","2020-08-11","64.1166667","-117.3666667","213.0","RAE LAKES, CA","  63.0","10","  53.6","10","1009.3","10","999.9"," 0"," 15.0","10","  8.2","10","  9.9"," 17.1","  68.0","*","  57.2","*","99.99"," ","999.9","010000"
"71843799999","2020-08-12","64.1166667","-117.3666667","213.0","RAE LAKES, CA","  64.7","11","  53.6","11","1010.0","11","999.9"," 0"," 15.0","11","  6.3","11","  8.9","999.9","  69.8","*","  59.0","*","99.99"," ","999.9","010000"
"71843799999","2020-08-13","64.1166667","-117.3666667","213.0","RAE LAKES, CA","  61.4"," 6","  51.5"," 6","1006.6"," 6","999.9"," 0"," 14.2"," 6"," 10.8"," 6"," 15.0"," 28.0","  69.8","*","  57.2","*","99.99"," ","999.9","010000"
"71843799999","2020-08-14","64.1166667","-117.3666667","213.0","RAE LAKES, CA","  59.3"," 6","  49.4"," 6","1008.7"," 6","999.9"," 0"," 15.0"," 6"," 12.5"," 6"," 15.9"," 22.9","  60.8","*","  57.2","*","99.99"," ","999.9","010000"
"71843799999","2020-08-15","64.1166667","-117.3666667","213.0","RAE LAKES, CA","  55.1"," 7","  42.8"," 7","1015.5"," 7","999.9"," 0"," 15.0"," 7","  7.0"," 7"," 15.0"," 21.0","  59.0","*","  50.0","*","99.99"," ","999.9","010000"
"71843799999","2020-08-16","64.1166667","-117.3666667","213.0","RAE LAKES, CA","  64.4"," 4","  47.3"," 4","1014.3"," 4","999.9"," 0"," 15.0"," 4","  5.1"," 4","  6.0"," 15.9","  66.2","*","  62.6","*"," 0.00","I","999.9","000000"
"71843799999","2020-08-17","64.1166667","-117.3666667","213.0","RAE LAKES, CA","  54.4"," 9","  50.4"," 9","1018.0"," 9","999.9"," 0","  4.7"," 9","  4.4"," 9","  8.0","999.9","  64.4","*","  50.0","*","99.99"," ","999.9","010000"
"71843799999","2020-08-18","64.1166667","-117.3666667","213.0","RAE LAKES, CA","  58.6","10","  53.6","10","1015.5","10","999.9"," 0"," 10.3","10","  4.3","10","  7.0","999.9","  62.6","*","  55.4","*","99.99"," ","999.9","010000"
"71843799999","2020-08-19","64.1166667","-117.3666667","213.0","RAE LAKES, CA","  61.6"," 9","  53.4"," 9","1008.7"," 9","999.9"," 0"," 15.0"," 9","  8.1"," 9"," 12.0"," 20.0","  62.6","*","  60.8","*"," 0.00","I","999.9","000000"
"71843799999","2020-08-20","64.1166667","-117.3666667","213.0","RAE LAKES, CA","  55.4"," 8","  40.1"," 8","1017.0"," 8","999.9"," 0"," 15.0"," 8","  5.8"," 8"," 13.0"," 20.0","  64.4","*","  50.0","*"," 0.00","I","999.9","000000"
"71843799999","2020-08-21","64.1166667","-117.3666667","213.0","RAE LAKES, CA","  57.0","11","  42.1","11","1019.8","11","999.9"," 0"," 15.0","11","  6.4","11","  9.9"," 15.0","  62.6","*","  50.0","*"," 0.00","I","999.9","000000"
"71843799999","2020-08-23","64.1166667","-117.3666667","213.0","RAE LAKES, CA","  63.9"," 4","  42.4"," 4","1016.5"," 4","999.9"," 0"," 15.0"," 4","  4.3"," 4","  7.0","999.9","  64.4","*","  62.6","*"," 0.00","I","999.9","000000"
"71843799999","2020-08-24","64.1166667","-117.3666667","213.0","RAE LAKES, CA","  60.1","10","  45.1","10","1015.1","10","999.9"," 0"," 15.0","10","  5.8","10","  8.9"," 15.9","  64.4","*","  55.4","*"," 0.00","I","999.9","000000"
"71843799999","2020-08-25","64.1166667","-117.3666667","213.0","RAE LAKES, CA","  56.2"," 9","  47.4"," 9","1009.0"," 9","999.9"," 0"," 15.0"," 9","  5.4"," 9","  8.9","999.9","  59.0","*","  53.6","*"," 0.00","I","999.9","000000"
"71843799999","2020-08-26","64.1166667","-117.3666667","213.0","RAE LAKES, CA","  56.3","10","  51.4","10","1006.1","10","999.9"," 0"," 12.7","10","  6.7","10","  8.0","999.9","  59.0","*","  53.6","*","99.99"," ","999.9","010000"
"71843799999","2020-08-27","64.1166667","-117.3666667","213.0","RAE LAKES, CA","  53.8","10","  46.4","10","1012.3","10","999.9"," 0"," 15.0","10"," 13.0","10"," 18.1"," 22.0","  59.0","*","  50.0","*"," 0.00","I","999.9","000000"
"71843799999","2020-08-28","64.1166667","-117.3666667","213.0","RAE LAKES, CA","  49.7"," 6","  38.3"," 6","1016.6"," 6","999.9"," 0"," 15.0"," 6","  6.4"," 6"," 13.0","999.9","  55.4","*","  46.4","*"," 0.00","I","999.9","000000"
"71843799999","2020-08-29","64.1166667","-117.3666667","213.0","RAE LAKES, CA","  51.1"," 5","  33.4"," 5","1012.7"," 5","999.9"," 0"," 15.0"," 5"," 10.6"," 5"," 12.0"," 20.0","  53.6","*","  48.2","*"," 0.00","I","999.9","000000"
"71843799999","2020-08-30","64.1166667","-117.3666667","213.0","RAE LAKES, CA","  53.1"," 8","  35.4"," 8","1011.0"," 8","999.9"," 0"," 15.0"," 8","  5.4"," 8","  8.0","999.9","  55.4","*","  48.2","*"," 0.00","I","999.9","000000"
"71843799999","2020-08-31","64.1166667","-117.3666667","213.0","RAE LAKES, CA","  51.3","11","  36.7","11","1001.5","11","999.9"," 0"," 15.0","11"," 11.3","11"," 15.0"," 24.1","  55.4","*","  44.6","*"," 0.00","I","999.9","000000"
"71843799999","2020-09-01","64.1166667","-117.3666667","213.0","RAE LAKES, CA","  48.0","11","  35.8","11","1001.3","11","999.9"," 0"," 15.0","11","  6.0","11"," 13.0"," 18.1","  53.6","*","  42.8","*"," 0.00","I","999.9","000000"
"71843799999","2020-09-02","64.1166667","-117.3666667","213.0","RAE LAKES, CA","  44.8","11","  35.9","11","1008.0","11","999.9"," 0"," 12.3","11","  8.1","11","  9.9"," 15.0","  53.6","*","  37.4","*"," 0.00","I","999.9","000000"
"71843799999","2020-09-03","64.1166667","-117.3666667","213.0","RAE LAKES, CA","  46.6","11","  33.6","11","1014.2","11","999.9"," 0"," 15.0","11","  5.3","11","  8.9"," 15.0","  51.8","*","  39.2","*"," 0.00","I","999.9","000000"
"71843799999","2020-09-04","64.1166667","-117.3666667","213.0","RAE LAKES, CA","  50.2","11","  32.8","11","1016.7","11","999.9"," 0"," 15.0","11","  3.5","11","  5.1","999.9","  55.4","*","  39.2","*"," 0.00","I","999.9","000000"
"71843799999","2020-09-05","64.1166667","-117.3666667","213.0","RAE LAKES, CA","  49.2"," 7","  35.1"," 7","1021.2"," 7","999.9"," 0"," 15.0"," 7","  6.9"," 7","  9.9","999.9","  55.4","*","  42.8","*"," 0.00","I","999.9","000000"
"71843799999","2020-09-06","64.1166667","-117.3666667","213.0","RAE LAKES, CA","  48.2"," 9","  33.6"," 9","1029.1"," 9","999.9"," 0"," 15.0"," 9","  5.6"," 9","  8.0","999.9","  51.8","*","  41.0","*"," 0.00","I","999.9","000000"
"71843799999","2020-09-07","64.1166667","-117.3666667","213.0","RAE LAKES, CA","  50.9"," 8","  36.3"," 8","1026.9"," 8","999.9"," 0"," 15.0"," 8","  7.4"," 8"," 11.1"," 22.9","  51.8","*","  48.2","*"," 0.00","I","999.9","000000"
"71843799999","2020-09-08","64.1166667","-117.3666667","213.0","RAE LAKES, CA","  57.4"," 9","  41.4"," 9","1013.2"," 9","999.9"," 0"," 15.0"," 9","  9.3"," 9"," 17.1"," 25.1","  60.8","*","  51.8","*"," 0.00","I","999.9","000000"
"71843799999","2020-09-09","64.1166667","-117.3666667","213.0","RAE LAKES, CA","  49.3","10","  38.3","10","1020.0","10","999.9"," 0"," 15.0","10","  6.9","10"," 12.0","999.9","  57.2","*","  44.6","*"," 0.00","I","999.9","000000"
"71843799999","2020-09-10","64.1166667","-117.3666667","213.0","RAE LAKES, CA","  51.8","10","  45.9","10","1017.9","10","999.9"," 0"," 15.0","10","  3.1","10","  5.1","999.9","  53.6","*","  48.2","*","99.99"," ","999.9","010000"
"71843799999","2020-09-11","64.1166667","-117.3666667","213.0","RAE LAKES, CA","  44.6","11","  38.1","11","1016.8","11","999.9"," 0"," 10.9","11"," 15.8","11"," 20.0"," 27.0","  51.8","*","  41.0","*","99.99"," ","999.9","010000"
"71843799999","2020-09-12","64.1166667","-117.3666667","213.0","RAE LAKES, CA","  44.9"," 7","  35.1"," 7","1017.4"," 7","999.9"," 0"," 15.0"," 7","  9.0"," 7"," 13.0"," 17.1","  46.4","*","  42.8","*"," 0.00","I","999.9","000000"
"71843799999","2020-09-13","64.1166667","-117.3666667","213.0","RAE LAKES, CA","  35.6"," 5","  23.0"," 5","1027.9"," 5","999.9"," 0"," 15.0"," 5","  6.2"," 5","  7.0","999.9","9999.9"," ","9999.9"," "," 0.00","I","999.9","000000"
"71843799999","2020-09-14","64.1166667","-117.3666667","213.0","RAE LAKES, CA","  43.7"," 8","  28.6"," 8","1018.7"," 8","999.9"," 0"," 15.0"," 8","  7.5"," 8"," 12.0"," 22.0","  48.2","*","  35.6","*"," 0.00","I","999.9","000000"
"71843799999","2020-09-15","64.1166667","-117.3666667","213.0","RAE LAKES, CA","  34.0","10","  17.1","10","1027.1","10","999.9"," 0"," 15.0","10","  7.4","10"," 14.0"," 24.1","  46.4","*","  26.6","*"," 0.00","I","999.9","000000"
"71843799999","2020-09-16","64.1166667","-117.3666667","213.0","RAE LAKES, CA","  39.0","10","  22.5","10","1023.5","10","999.9"," 0"," 15.0","10","  3.6","10","  7.0","999.9","  42.8","*","  32.0","*"," 0.00","I","999.9","000000"
"71843799999","2020-09-17","64.1166667","-117.3666667","213.0","RAE LAKES, CA","  45.9","10","  32.4","10","1020.0","10","999.9"," 0"," 15.0","10","  5.8","10","  9.9"," 15.9","  53.6","*","  39.2","*"," 0.00","I","999.9","000000"
"71843799999","2020-09-18","64.1166667","-117.3666667","213.0","RAE LAKES, CA","  51.1","10","  42.1","10","1004.1","10","999.9"," 0"," 15.0","10","  6.4","10","  7.0"," 15.0","  57.2","*","  44.6","*"," 0.00","I","999.9","000000"
"71843799999","2020-09-19","64.1166667","-117.3666667","213.0","RAE LAKES, CA","  51.5"," 7","  43.3"," 7","1000.6"," 7","999.9"," 0"," 15.0"," 7","  3.6"," 7","  6.0","999.9","  57.2","*","  46.4","*"," 0.00","I","999.9","000000"
"71843799999","2020-09-20","64.1166667","-117.3666667","213.0","RAE LAKES, CA","  50.0"," 8","  45.7"," 8","1007.4"," 8","999.9"," 0"," 15.0"," 8","  4.0"," 8","  7.0","999.9","  53.6","*","  46.4","*","99.99"," ","999.9","010000"
"71843799999","2020-09-21","64.1166667","-117.3666667","213.0","RAE LAKES, CA","  44.9","11","  40.7","11","1009.2","11","999.9"," 0","  7.7","11","  2.8","11","  7.0","999.9","  51.8","*","  39.2","*","99.99"," ","999.9","110000"
"71843799999","2020-09-22","64.1166667","-117.3666667","213.0","RAE LAKES, CA","  49.8","11","  39.9","11","1008.3","11","999.9"," 0"," 15.0","11","  5.9","11","  8.9"," 15.0","  57.2","*","  44.6","*"," 0.00","I","999.9","000000"
"71843799999","2020-09-23","64.1166667","-117.3666667","213.0","RAE LAKES, CA","  51.8","10","  39.9","10","1007.5","10","999.9"," 0"," 15.0","10","  4.2","10","  8.0","999.9","  57.2","*","  39.2","*"," 0.00","I","999.9","000000"
"71843799999","2020-09-24","64.1166667","-117.3666667","213.0","RAE LAKES, CA","  48.5","11","  44.4","11"," 995.4","11","999.9"," 0"," 14.1","11","  6.7","11"," 11.1","999.9","  55.4","*","  46.4","*","99.99"," ","999.9","010000"
"71843799999","2020-09-25","64.1166667","-117.3666667","213.0","RAE LAKES, CA","  47.8"," 8","  46.6"," 8"," 994.3"," 8","999.9"," 0","  5.0"," 8","  6.4"," 8","  7.0","999.9","  48.2","*","  46.4","*","99.99"," ","999.9","010000"
"71843799999","2020-09-27","64.1166667","-117.3666667","213.0","RAE LAKES, CA","  47.6"," 6","  43.4"," 6","1014.7"," 6","999.9"," 0"," 10.2"," 6","  7.3"," 6"," 11.1"," 17.1","  50.0","*","  46.4","*","99.99"," ","999.9","010000"
"71843799999","2020-09-28","64.1166667","-117.3666667","213.0","RAE LAKES, CA","  47.2","11","  43.1","11"," 997.8","11","999.9"," 0","  9.6","11","  6.6","11"," 12.0"," 19.0","  50.0","*","  44.6","*","99.99"," ","999.9","010000"
"71843799999","2020-09-29","64.1166667","-117.3666667","213.0","RAE LAKES, CA","  43.0"," 9","  38.4"," 9","1015.3"," 9","999.9"," 0"," 15.0"," 9"," 14.4"," 9"," 18.1"," 24.1","  48.2","*","  41.0","*","99.99"," ","999.9","010000"
"71843799999","2020-09-30","64.1166667","-117.3666667","213.0","RAE LAKES, CA","  41.0","10","  36.3","10","1031.4","10","999.9"," 0"," 12.1","10","  4.1","10"," 12.0","999.9","  42.8","*","  39.2","*"," 0.00","I","999.9","000000"
"71843799999","2020-10-01","64.1166667","-117.3666667","213.0","RAE LAKES, CA","  44.8","11","  37.7","11","1018.9","11","999.9"," 0"," 15.0","11"," 10.6","11"," 14.0"," 20.0","  48.2","*","  41.0","*"," 0.00","I","999.9","000000"
"71843799999","2020-10-02","64.1166667","-117.3666667","213.0","RAE LAKES, CA","  44.4","10","  39.4","10","1021.3","10","999.9"," 0"," 15.0","10","  5.3","10","  9.9","999.9","  46.4","*","  42.8","*"," 0.00","I","999.9","000000"
"71843799999","2020-10-03","64.1166667","-117.3666667","213.0","RAE LAKES, CA","  47.7"," 7","  41.3"," 7","1007.8"," 7","999.9"," 0"," 15.0"," 7"," 11.0"," 7"," 14.0"," 20.0","  50.0","*","  44.6","*"," 0.00","I","999.9","000000"
"71843799999","2020-10-04","64.1166667","-117.3666667","213.0","RAE LAKES, CA","  44.6"," 6","  41.6"," 6"," 998.5"," 6","999.9"," 0"," 15.0"," 6"," 10.3"," 6"," 13.0","999.9","9999.9"," ","9999.9"," "," 0.00","I","999.9","000000"
"71843799999","2020-10-05","64.1166667","-117.3666667","213.0","RAE LAKES, CA","  43.4"," 9","  39.6"," 9","1002.5"," 9","999.9"," 0"," 13.9"," 9","  5.0"," 9","  9.9","999.9","  44.6","*","  41.0","*"," 0.00","I","999.9","000000"
"71843799999","2020-10-06","64.1166667","-117.3666667","213.0","RAE LAKES, CA","  41.4"," 9","  36.2"," 9","1009.2"," 9","999.9"," 0"," 15.0"," 9"," 11.2"," 9"," 14.0"," 19.0","  46.4","*","  39.2","*"," 0.00","I","999.9","000000"
"71843799999","2020-10-07","64.1166667","-117.3666667","213.0","RAE LAKES, CA","  38.8","10","  34.9","10","1017.2","10","999.9"," 0"," 13.3","10","  3.9","10","  8.9","999.9","  41.0","*","  37.4","*","99.99"," ","999.9","010000"
"71843799999","2020-10-08","64.1166667","-117.3666667","213.0","RAE LAKES, CA","  34.1"," 7","  30.7"," 7","1012.5"," 7","999.9"," 0"," 11.0"," 7","  4.7"," 7","  7.0","999.9","  39.2","*","  32.0","*"," 0.00","I","999.9","000000"
"71843799999","2020-10-10","64.1166667","-117.3666667","213.0","RAE LAKES, CA","  32.0"," 4","  32.0"," 4"," 998.6"," 4","999.9"," 0","  1.2"," 4","  9.7"," 4"," 11.1","999.9","9999.9"," ","9999.9"," ","99.99"," ","999.9","001000"
"71843799999","2020-10-11","64.1166667","-117.3666667","213.0","RAE LAKES, CA","  31.4"," 9","  28.2"," 9","1004.0"," 9","999.9"," 0","  9.3"," 9","  7.3"," 9","  9.9","999.9","  33.8","*","  28.4","*"," 0.00","I","999.9","000000"
"71843799999","2020-10-12","64.1166667","-117.3666667","213.0","RAE LAKES, CA","  32.9"," 8","  26.6"," 8","1008.8"," 8","999.9"," 0"," 14.4"," 8"," 15.2"," 8"," 22.0"," 31.1","  35.6","*","  30.2","*","99.99"," ","999.9","001000"
"71843799999","2020-10-13","64.1166667","-117.3666667","213.0","RAE LAKES, CA","  25.2","10","  15.1","10","1012.9","10","999.9"," 0"," 14.0","10"," 17.1","10"," 22.9"," 29.9","  28.4","*","  24.8","*","99.99"," ","999.9","001000"
"71843799999","2020-10-14","64.1166667","-117.3666667","213.0","RAE LAKES, CA","  24.4"," 9","  15.2"," 9","1014.0"," 9","999.9"," 0"," 10.7"," 9"," 21.8"," 9"," 26.0"," 39.0","  24.8","*","  23.0","*","99.99"," ","999.9","001000"
"71843799999","2020-10-15","64.1166667","-117.3666667","213.0","RAE LAKES, CA","  25.8","11","  17.4","11","1020.7","11","999.9"," 0","  7.6","11"," 21.5","11"," 26.0"," 34.0","  26.6","*","  24.8","*","99.99"," ","999.9","001000"
"71843799999","2020-10-16","64.1166667","-117.3666667","213.0","RAE LAKES, CA","  24.6","10","  19.6","10","1020.6","10","999.9"," 0","  6.0","10"," 18.8","10"," 22.0"," 31.1","  24.8","*","  23.0","*","99.99"," ","999.9","001000"
"71843799999","2020-10-17","64.1166667","-117.3666667","213.0","RAE LAKES, CA","  24.5"," 7","  19.4"," 7","1027.2"," 7","999.9"," 0"," 11.6"," 7"," 13.6"," 7"," 17.1"," 24.1","  24.8","*","  23.0","*","99.99"," ","999.9","001000"
"71843799999","2020-10-18","64.1166667","-117.3666667","213.0","RAE LAKES, CA","  21.2"," 9","  15.2"," 9","1024.6"," 9","999.9"," 0"," 13.9"," 9","  2.9"," 9","  5.1","999.9","9999.9"," ","9999.9"," ","99.99"," ","999.9","011000"
"71843799999","2020-10-19","64.1166667","-117.3666667","213.0","RAE LAKES, CA","  19.6"," 9","  16.8"," 9","1015.9"," 9","999.9"," 0","  6.1"," 9","  3.3"," 9","  6.0","999.9","  21.2","*","  17.6","*","99.99"," ","999.9","010000"
"71843799999","2020-10-20","64.1166667","-117.3666667","213.0","RAE LAKES, CA","  21.7","11","  17.4","11","1018.9","11","999.9"," 0"," 14.5","11","  7.6","11"," 12.0"," 15.0","  23.0","*","  19.4","*","99.99"," ","999.9","001000"
"71843799999","2020-10-21","64.1166667","-117.3666667","213.0","RAE LAKES, CA","  22.8","11","  18.6","11","1028.3","11","999.9"," 0"," 12.5","11","  8.6","11"," 11.1"," 15.9","  24.8","*","  21.2","*","99.99"," ","999.9","001000"
"71843799999","2020-10-23","64.1166667","-117.3666667","213.0","RAE LAKES, CA","  21.4"," 8","  14.9"," 8","1031.7"," 8","999.9"," 0"," 13.8"," 8","  6.0"," 8","  8.9","999.9","  24.8","*","  15.8","*","99.99"," ","999.9","001000"
"71843799999","2020-10-24","64.1166667","-117.3666667","213.0","RAE LAKES, CA","  23.3"," 7","  16.6"," 7","1030.9"," 7","999.9"," 0"," 15.0"," 7","  5.2"," 7","  8.9","999.9","  26.6","*","  21.2","*","99.99"," ","999.9","001000"
"71843799999","2020-10-26","64.1166667","-117.3666667","213.0","RAE LAKES, CA","  23.0"," 7","  16.8"," 7","1012.0"," 7","999.9"," 0"," 15.0"," 7","  4.3"," 7","  8.0","999.9","  30.2","*","  21.2","*","99.99"," ","999.9","001000"
"71843799999","2020-10-27","64.1166667","-117.3666667","213.0","RAE LAKES, CA","  15.8"," 9","   8.2"," 9","1014.2"," 9","999.9"," 0"," 14.4"," 9","  5.4"," 9","  8.0","999.9","  23.0","*","  14.0","*","99.99"," ","999.9","001000"
"71843799999","2020-10-28","64.1166667","-117.3666667","213.0","RAE LAKES, CA","  18.0","10","  11.8","10","1014.1","10","999.9"," 0"," 12.9","10","  5.6","10","  8.0"," 15.0","  19.4","*","  15.8","*","99.99"," ","999.9","001000"
"71843799999","2020-10-29","64.1166667","-117.3666667","213.0","RAE LAKES, CA","  17.4","10","  10.2","10","1018.3","10","999.9"," 0"," 15.0","10","  6.9","10"," 11.1"," 17.1","  19.4","*","  14.0","*"," 0.00","I","999.9","000000"
"71843799999","2020-10-30","64.1166667","-117.3666667","213.0","RAE LAKES, CA","   9.5","10","   5.9","10","1016.0","10","999.9"," 0"," 12.2","10","  2.6","10","  4.1","999.9","  17.6","*","   5.0","*","99.99"," ","999.9","001000"
"71843799999","2020-10-31","64.1166667","-117.3666667","213.0","RAE LAKES, CA","  17.6"," 7","  13.5"," 7","1012.2"," 7","999.9"," 0","  1.9"," 7","  6.4"," 7","  8.9"," 15.9","  19.4","*","  12.2","*","99.99"," ","999.9","001000"
"71843799999","2020-11-01","64.1166667","-117.3666667","213.0","RAE LAKES, CA","  11.2"," 9","   5.6"," 9","1011.6"," 9","999.9"," 0","  9.7"," 9","  5.7"," 9","  8.0","999.9","  12.2","*","   8.6","*","99.99"," ","999.9","001000"
"71843799999","2020-11-02","64.1166667","-117.3666667","213.0","RAE LAKES, CA","  10.0"," 9","   4.4"," 9","1013.5"," 9","999.9"," 0"," 11.9"," 9","  5.1"," 9","  9.9"," 15.9","  12.2","*","   8.6","*","99.99"," ","999.9","001000"
"71843799999","2020-11-03","64.1166667","-117.3666667","213.0","RAE LAKES, CA","   0.9","11","  -4.7","11","1009.2","11","999.9"," 0","  8.9","11","  3.0","11","  7.0","999.9","   8.6","*","  -9.4","*","99.99"," ","999.9","001000"
"71843799999","2020-11-04","64.1166667","-117.3666667","213.0","RAE LAKES, CA","   5.8","11","   0.6","11","1017.8","11","999.9"," 0"," 13.1","11","  4.0","11"," 11.1","999.9","   8.6","*","   3.2","*","99.99"," ","999.9","001000"
"71843799999","2020-11-05","64.1166667","-117.3666667","213.0","RAE LAKES, CA","   9.9","10","   4.5","10","1021.3","10","999.9"," 0","  5.7","10","  3.5","10","  7.0","999.9","  12.2","*","   6.8","*","99.99"," ","999.9","001000"
"71843799999","2020-11-06","64.1166667","-117.3666667","213.0","RAE LAKES, CA","   2.3","10","  -1.7","10","1015.6","10","999.9"," 0"," 12.4","10","  1.8","10","  4.1","999.9","  10.4","*","  -2.2","*","99.99"," ","999.9","001000"
"71843799999","2020-11-07","64.1166667","-117.3666667","213.0","RAE LAKES, CA","   4.8"," 8","   0.0"," 8","1014.2"," 8","999.9"," 0"," 15.0"," 8","  1.8"," 8","  2.9","999.9","   8.6","*","  -0.4","*","99.99"," ","999.9","001000"
"71843799999","2020-11-08","64.1166667","-117.3666667","213.0","RAE LAKES, CA","  21.6"," 9","  17.2"," 9","1014.0"," 9","999.9"," 0"," 15.0"," 9","  4.7"," 9","  6.0","999.9","  23.0","*","  19.4","*","99.99"," ","999.9","001000"
"71843799999","2020-11-09","64.1166667","-117.3666667","213.0","RAE LAKES, CA","  10.9","10","   7.2","10","1000.4","10","999.9"," 0"," 13.1","10","  6.1","10"," 15.9","999.9","  19.4","*","   3.2","*","99.99"," ","999.9","001000"
"71843799999","2020-11-10","64.1166667","-117.3666667","213.0","RAE LAKES, CA","   3.7","10","  -2.6","10","1018.7","10","999.9"," 0"," 12.2","10","  9.4","10"," 15.9","999.9","  14.0","*","  -4.0","*","99.99"," ","999.9","001000"
"71843799999","2020-11-11","64.1166667","-117.3666667","213.0","RAE LAKES, CA","  -7.9","11"," -13.7","11","1017.7","11","999.9"," 0"," 15.0","11","  2.9","11","  5.1","999.9","  -5.8","*"," -11.2","*"," 0.00","I","999.9","000000"
"71843799999","2020-11-12","64.1166667","-117.3666667","213.0","RAE LAKES, CA","   8.6","12","   3.8","12"," 993.6","12","999.9"," 0","  7.0","12","  5.3","12","  8.0"," 17.1","  14.0","*","  -5.8","*","99.99"," ","999.9","001000"
"71843799999","2020-11-13","64.1166667","-117.3666667","213.0","RAE LAKES, CA","   5.0"," 6","  -1.0"," 6"," 995.7"," 6","999.9"," 0"," 15.0"," 6","  5.6"," 6","  8.9","999.9","   8.6","*","  -0.4","*"," 0.00","I","999.9","000000"
"71843799999","2020-11-14","64.1166667","-117.3666667","213.0","RAE LAKES, CA","  -3.6"," 5","  -8.0"," 5","1007.2"," 5","999.9"," 0"," 13.0"," 5","  2.4"," 5","  4.1","999.9","  -0.4","*","  -9.4","*"," 0.00","I","999.9","000000"
"71843799999","2020-11-15","64.1166667","-117.3666667","213.0","RAE LAKES, CA","   4.2"," 7","  -1.2"," 7","1014.8"," 7","999.9"," 0"," 14.3"," 7","  4.4"," 7","  6.0","999.9","   6.8","*","   1.4","*","99.99"," ","999.9","001000"
"71843799999","2020-11-16","64.1166667","-117.3666667","213.0","RAE LAKES, CA","   8.1"," 7","   2.4"," 7","1022.9"," 7","999.9"," 0"," 15.0"," 7","  4.0"," 7","  6.0","999.9","  10.4","*","   5.0","*","99.99"," ","999.9","001000"
"71843799999","2020-11-17","64.1166667","-117.3666667","213.0","RAE LAKES, CA","   3.9","10","  -0.8","10","1019.1","10","999.9"," 0"," 15.0","10","  3.5","10","  6.0","999.9","   5.0","*","   1.4","*"," 0.00","I","999.9","000000"
"71843799999","2020-11-18","64.1166667","-117.3666667","213.0","RAE LAKES, CA","   0.2"," 9","  -4.8"," 9","1019.0"," 9","999.9"," 0"," 15.0"," 9","  5.0"," 9","  9.9","999.9","   1.4","*","  -0.4","*"," 0.00","I","999.9","000000"
"71843799999","2020-11-19","64.1166667","-117.3666667","213.0","RAE LAKES, CA","   0.6","11","  -5.0","11","1022.2","11","999.9"," 0"," 14.5","11","  3.2","11","  6.0","999.9","   5.0","*","  -9.4","*","99.99"," ","999.9","001000"
"71843799999","2020-11-20","64.1166667","-117.3666667","213.0","RAE LAKES, CA","  -4.2"," 9","  -9.2"," 9","1017.4"," 9","999.9"," 0"," 15.0"," 9","  3.8"," 9","  7.0","999.9","   3.2","*","  -7.6","*","99.99"," ","999.9","001000"
"71843799999","2020-11-21","64.1166667","-117.3666667","213.0","RAE LAKES, CA","   2.1"," 5","  -2.2"," 5","1022.3"," 5","999.9"," 0"," 15.0"," 5","  5.0"," 5","  7.0","999.9","   6.8","*","  -4.0","*"," 0.00","I","999.9","000000"
"71843799999","2020-11-22","64.1166667","-117.3666667","213.0","RAE LAKES, CA","  -1.9"," 6","  -6.1"," 6","1021.6"," 6","999.9"," 0"," 10.0"," 6","  7.5"," 6","  9.9","999.9","  -0.4","*","  -2.2","*"," 0.00","I","999.9","000000"
"71843799999","2020-11-23","64.1166667","-117.3666667","213.0","RAE LAKES, CA","   2.6"," 9","  -2.0"," 9","1013.9"," 9","999.9"," 0","  7.7"," 9","  3.9"," 9","  8.9","999.9","   5.0","*","  -0.4","*","99.99"," ","999.9","001000"
"71843799999","2020-11-24","64.1166667","-117.3666667","213.0","RAE LAKES, CA","   8.4"," 9","   4.0"," 9","1005.3"," 9","999.9"," 0"," 10.4"," 9","  4.9"," 9","  7.0","999.9","  10.4","*","   1.4","*","99.99"," ","999.9","001000"
"71843799999","2020-11-25","64.1166667","-117.3666667","213.0","RAE LAKES, CA","   8.8","11","   4.3","11","1005.3","11","999.9"," 0","  7.9","11","  7.7","11"," 11.1","999.9","  10.4","*","   5.0","*","99.99"," ","999.9","001000"
"71843799999","2020-11-26","64.1166667","-117.3666667","213.0","RAE LAKES, CA","   6.3"," 8","   2.1"," 8","1000.0"," 8","999.9"," 0","  9.3"," 8","  9.2"," 8"," 15.0"," 21.0","  10.4","*","   1.4","*","99.99"," ","999.9","001000"
"71843799999","2020-11-27","64.1166667","-117.3666667","213.0","RAE LAKES, CA","   3.7","10","  -1.7","10","1000.6","10","999.9"," 0"," 10.2","10","  9.5","10"," 15.9"," 22.0","  10.4","*","  -4.0","*","99.99"," ","999.9","001000"
"71843799999","2020-11-29","64.1166667","-117.3666667","213.0","RAE LAKES, CA","   4.5"," 4","   0.0"," 4"," 994.4"," 4","999.9"," 0"," 15.0"," 4","  2.2"," 4","  4.1","999.9","   8.6","*","  -0.4","*"," 0.00","I","999.9","000000"
"71843799999","2020-11-30","64.1166667","-117.3666667","213.0","RAE LAKES, CA","   0.0"," 8","  -4.2"," 8"," 997.9"," 8","999.9"," 0"," 15.0"," 8","  5.1"," 8","  8.9","999.9","   3.2","*","  -4.0","*"," 0.00","I","999.9","000000"
"71843799999","2020-12-01","64.1166667","-117.3666667","213.0","RAE LAKES, CA","   8.4","10","   4.3","10","1004.7","10","999.9"," 0"," 14.5","10","  7.3","10"," 15.0"," 24.1","  12.2","*","   3.2","*"," 0.00","I","999.9","000000"
"71843799999","2020-12-02","64.1166667","-117.3666667","213.0","RAE LAKES, CA","  14.2","10","  10.8","10","1006.6","10","999.9"," 0"," 15.0","10","  2.6","10","  7.0","999.9","  21.2","*","   8.6","*"," 0.00","I","999.9","000000"
"71843799999","2020-12-03","64.1166667","-117.3666667","213.0","RAE LAKES, CA","  27.7","10","  24.1","10"," 999.7","10","999.9"," 0"," 15.0","10","  5.6","10","  8.9"," 17.1","  35.6","*","  15.8","*"," 0.00","I","999.9","000000"
"71843799999","2020-12-04","64.1166667","-117.3666667","213.0","RAE LAKES, CA","  24.1","10","  21.2","10","1009.4","10","999.9"," 0"," 15.0","10","  3.5","10","  6.0","999.9","  35.6","*","  19.4","*"," 0.00","I","999.9","000000"
"71843799999","2020-12-05","64.1166667","-117.3666667","213.0","RAE LAKES, CA","  14.0"," 6","  11.3"," 6","1008.7"," 6","999.9"," 0","  8.4"," 6","  1.5"," 6","  4.1","999.9","  23.0","*","   6.8","*"," 0.00","I","999.9","100000"
"71843799999","2020-12-06","64.1166667","-117.3666667","213.0","RAE LAKES, CA","  17.6"," 5","  15.8"," 5","1006.0"," 5","999.9"," 0"," 15.0"," 5","  8.4"," 5","  9.9","999.9","9999.9"," ","9999.9"," "," 0.00","I","999.9","000000"
"71843799999","2020-12-07","64.1166667","-117.3666667","213.0","RAE LAKES, CA","  14.4"," 9","  11.2"," 9"," 997.3"," 9","999.9"," 0"," 15.0"," 9","  4.5"," 9","  8.9","999.9","  17.6","*","   8.6","*"," 0.00","I","999.9","000000"
"71843799999","2020-12-08","64.1166667","-117.3666667","213.0","RAE LAKES, CA","   2.8","10","  -1.1","10","1004.7","10","999.9"," 0","  5.6","10","  3.8","10","  7.0","999.9","   6.8","*","  -0.4","*"," 0.00","I","999.9","000000"
"71843799999","2020-12-09","64.1166667","-117.3666667","213.0","RAE LAKES, CA","  -2.8"," 9","  -7.4"," 9","1014.2"," 9","999.9"," 0"," 12.2"," 9","  0.6"," 9","  1.9","999.9","  -0.4","*","  -7.6","*"," 0.00","I","999.9","000000"
"71843799999","2020-12-10","64.1166667","-117.3666667","213.0","RAE LAKES, CA","  -9.8"," 9"," -15.6"," 9","1027.8"," 9","999.9"," 0"," 15.0"," 9","  3.4"," 9","  6.0","999.9","  -0.4","*"," -16.6","*"," 0.00","I","999.9","000000"
"71843799999","2020-12-11","64.1166667","-117.3666667","213.0","RAE LAKES, CA"," -11.4","10"," -17.5","10","1031.1","10","999.9"," 0"," 15.0","10","  5.1","10","  7.0","999.9","  -9.4","*"," -16.6","*"," 0.00","I","999.9","000000"
"71843799999","2020-12-12","64.1166667","-117.3666667","213.0","RAE LAKES, CA"," -20.2"," 7"," -26.4"," 7","1035.8"," 7","999.9"," 0"," 15.0"," 7","  4.4"," 7","  7.0","999.9"," -13.0","*"," -31.0","*"," 0.00","I","999.9","000000"
"71843799999","2020-12-13","64.1166667","-117.3666667","213.0","RAE LAKES, CA"," -31.7"," 5"," -39.6"," 5","1031.6"," 5","999.9"," 0"," 15.0"," 5","  2.0"," 5","  4.1","999.9"," -29.2","*"," -34.6","*"," 0.00","I","999.9","000000"
"71843799999","2020-12-14","64.1166667","-117.3666667","213.0","RAE LAKES, CA"," -27.0","10"," -34.2","10","1027.3","10","999.9"," 0"," 12.5","10","  3.0","10","  6.0","999.9"," -18.4","*"," -38.2","*","99.99"," ","999.9","001000"
"71843799999","2020-12-15","64.1166667","-117.3666667","213.0","RAE LAKES, CA"," -32.0","11"," -39.5","11","1018.6","11","999.9"," 0"," 13.5","11","  2.1","11","  4.1","999.9"," -18.4","*"," -38.2","*","99.99"," ","999.9","001000"
"71843799999","2020-12-16","64.1166667","-117.3666667","213.0","RAE LAKES, CA"," -38.2","11"," -45.9","11","1019.5","11","999.9"," 0"," 15.0","11","  1.1","11","  2.9","999.9"," -32.8","*"," -41.8","*","99.99"," ","999.9","001000"
"71843799999","2020-12-20","64.1166667","-117.3666667","213.0","RAE LAKES, CA"," -21.3"," 5"," -28.1"," 5","1009.4"," 5","999.9"," 0"," 12.2"," 5","  3.2"," 5","  5.1","999.9"," -18.4","*"," -23.8","*","99.99"," ","999.9","001000"
"71843799999","2020-12-21","64.1166667","-117.3666667","213.0","RAE LAKES, CA"," -14.8"," 9"," -21.4"," 9","1015.2"," 9","999.9"," 0","  9.1"," 9","  2.9"," 9","  4.1","999.9"," -13.0","*"," -18.4","*","99.99"," ","999.9","001000"
"71843799999","2020-12-22","64.1166667","-117.3666667","213.0","RAE LAKES, CA"," -14.5","11"," -20.7","11","1022.1","11","999.9"," 0"," 10.9","11","  3.6","11","  6.0","999.9"," -11.2","*"," -18.4","*","99.99"," ","999.9","001000"
"71843799999","2020-12-23","64.1166667","-117.3666667","213.0","RAE LAKES, CA"," -10.3","10"," -16.4","10","1012.2","10","999.9"," 0","  6.6","10","  7.7","10"," 11.1","999.9","  -7.6","*"," -13.0","*","99.99"," ","999.9","001000"
"71843799999","2020-12-24","64.1166667","-117.3666667","213.0","RAE LAKES, CA","  -2.0","11","  -7.4","11"," 999.3","11","999.9"," 0"," 11.1","11","  7.4","11"," 13.0"," 19.0","  -0.4","*","  -7.6","*","99.99"," ","999.9","001000"
"71843799999","2020-12-26","64.1166667","-117.3666667","213.0","RAE LAKES, CA","  -0.8"," 5","  -4.7"," 5","1019.2"," 5","999.9"," 0","  2.2"," 5","  2.8"," 5","  4.1","999.9","   1.4","*","  -2.2","*"," 0.00","I","999.9","100000"
"71843799999","2020-12-27","64.1166667","-117.3666667","213.0","RAE LAKES, CA","  -2.5"," 7","  -6.8"," 7","1010.1"," 7","999.9"," 0"," 15.0"," 7","  4.6"," 7","  6.0","999.9","  -2.2","*","  -4.0","*"," 0.00","I","999.9","000000"
"71843799999","2020-12-28","64.1166667","-117.3666667","213.0","RAE LAKES, CA","   0.7","11","  -3.8","11","1010.2","11","999.9"," 0","  9.0","11","  6.7","11"," 13.0"," 17.1","   3.2","*","  -4.0","*","99.99"," ","999.9","001000"
"71843799999","2020-12-29","64.1166667","-117.3666667","213.0","RAE LAKES, CA"," -12.3","10"," -18.6","10","1014.5","10","999.9"," 0"," 15.0","10","  2.7","10","  6.0","999.9","  -7.6","*"," -18.4","*"," 0.00","I","999.9","000000"
"71843799999","2020-12-30","64.1166667","-117.3666667","213.0","RAE LAKES, CA","  -5.6"," 9"," -10.6"," 9","1011.8"," 9","999.9"," 0"," 13.9"," 9","  4.5"," 9","  9.9","999.9","  -2.2","*"," -13.0","*","99.99"," ","999.9","001000"
"71843799999","2020-12-31","64.1166667","-117.3666667","213.0","RAE LAKES, CA","  -5.8"," 8"," -11.0"," 8","1015.2"," 8","999.9"," 0"," 15.0"," 8","  6.0"," 8"," 14.0"," 19.0","  -2.2","*","  -7.6","*","99.99"," ","999.9","001000"
