"STATION","DATE","LATITUDE","LONGITUDE","ELEVATION","NAME","TEMP","TEMP_ATTRIBUTES","DEWP","DEWP_ATTRIBUTES","SLP","SLP_ATTRIBUTES","STP","STP_ATTRIBUTES","VISIB","VISIB_ATTRIBUTES","WDSP","WDSP_ATTRIBUTES","MXSPD","GUST","MAX","MAX_ATTRIBUTES","MIN","MIN_ATTRIBUTES","PRCP","PRCP_ATTRIBUTES","SNDP","FRSHTT"
"94588099999","2020-01-01","-29.6833333","151.7","1045.0","GLEN INNES AIRPORT, AS","  73.8","16","  55.7","16","1014.2","16","899.9","16","999.9"," 0","  6.5","16"," 11.1","999.9","  85.8","*","  54.5"," "," 0.08","G","999.9","011000"
"94588099999","2020-01-02","-29.6833333","151.7","1045.0","GLEN INNES AIRPORT, AS","  72.4","16","  54.0","16","1014.9","16","900.5","16","999.9"," 0","  7.7","16"," 23.9","999.9","  91.2","*","  63.7"," "," 0.01","G","999.9","011000"
"94588099999","2020-01-03","-29.6833333","151.7","1045.0","GLEN INNES AIRPORT, AS","  75.4","16","  54.3","16","1014.1","16","899.8","16","999.9"," 0","  6.2","16","  8.9","999.9","  90.7","*","  58.8","*"," 0.00","G","999.9","000000"
"94588099999","2020-01-04","-29.6833333","151.7","1045.0","GLEN INNES AIRPORT, AS","  75.8","16","  49.6","16","1013.6","16","899.4","16","999.9"," 0","  6.0","16","  8.9","999.9","  93.9","*","  57.9"," "," 0.04","G","999.9","011000"
"94588099999","2020-01-05","-29.6833333","151.7","1045.0","GLEN INNES AIRPORT, AS","  76.6","16","  53.7","16","1014.6","16","900.3","16","  5.3"," 4"," 12.9","16"," 18.1","999.9","  97.0","*","  58.3"," "," 0.00","G","999.9","000000"
"94588099999","2020-01-06","-29.6833333","151.7","1045.0","GLEN INNES AIRPORT, AS","  73.8","16","  54.3","16","1014.4","16","900.1","16","999.9"," 0","  8.5","16"," 13.0","999.9","  87.3","*","  61.7"," "," 0.00","I","999.9","000000"
"94588099999","2020-01-07","-29.6833333","151.7","1045.0","GLEN INNES AIRPORT, AS","  69.8","16","  53.3","16","1013.9","16","899.6","16","999.9"," 0","  6.7","16"," 13.0","999.9","  85.1","*","  56.5","*"," 0.00","I","999.9","000000"
"94588099999","2020-01-08","-29.6833333","151.7","1045.0","GLEN INNES AIRPORT, AS","  71.7","16","  59.7","16","1013.7","16","899.5","16","999.9"," 0","  8.2","16"," 15.9","999.9","  83.7","*","  55.8"," "," 0.28","G","999.9","010000"
"94588099999","2020-01-09","-29.6833333","151.7","1045.0","GLEN INNES AIRPORT, AS","  70.5","16","  57.2","16","1013.7","16","899.5","16","999.9"," 0","  7.9","16"," 18.1","999.9","  89.1","*","  59.0","*"," 0.79","G","999.9","010000"
"94588099999","2020-01-10","-29.6833333","151.7","1045.0","GLEN INNES AIRPORT, AS","  75.9","16","  58.1","16","1011.1","16","897.1","16","999.9"," 0","  6.2","16"," 15.0","999.9","  86.7","*","  58.8"," "," 0.00","G","999.9","000000"
"94588099999","2020-01-11","-29.6833333","151.7","1045.0","GLEN INNES AIRPORT, AS","  69.6","13","  60.2","13","1010.2","13","896.4","13","999.9"," 0","  9.8","13"," 15.0","999.9","  81.7","*","  61.5","*"," 0.03","G","999.9","010000"
"94588099999","2020-01-12","-29.6833333","151.7","1045.0","GLEN INNES AIRPORT, AS","  60.3","16","  53.0","16","1013.0","16","898.8","16","999.9"," 0"," 15.9","16"," 18.1","999.9","  68.0","*","  54.9","*"," 0.00","G","999.9","000000"
"94588099999","2020-01-13","-29.6833333","151.7","1045.0","GLEN INNES AIRPORT, AS","  65.3","15","  52.0","15","1013.4","15","899.2","15","999.9"," 0"," 11.9","15"," 15.0","999.9","  75.6","*","  54.7"," "," 0.00","I","999.9","000000"
"94588099999","2020-01-14","-29.6833333","151.7","1045.0","GLEN INNES AIRPORT, AS","  68.1","16","  55.3","16","1012.1","16","898.0","16","999.9"," 0"," 13.4","16"," 18.1","999.9","  78.3","*","  55.4"," "," 0.00","I","999.9","000000"
"94588099999","2020-01-15","-29.6833333","151.7","1045.0","GLEN INNES AIRPORT, AS","  68.1","16","  58.7","16","1009.4","16","895.6","16","999.9"," 0","  8.0","16"," 15.0","999.9","  77.4","*","  60.1"," "," 0.01","G","999.9","011000"
"94588099999","2020-01-16","-29.6833333","151.7","1045.0","GLEN INNES AIRPORT, AS","  64.2","16","  58.0","16","1005.5","16","892.2","16","999.9"," 0","  7.7","16"," 22.9","999.9","  74.7","*","  59.4","*"," 0.63","G","999.9","011000"
"94588099999","2020-01-17","-29.6833333","151.7","1045.0","GLEN INNES AIRPORT, AS","  63.7","16","  60.7","16","1004.3","16","891.2","16","999.9"," 0","  9.2","16"," 16.9","999.9","  68.7","*","  57.9"," "," 0.51","G","999.9","011000"
"94588099999","2020-01-18","-29.6833333","151.7","1045.0","GLEN INNES AIRPORT, AS","  62.9","16","  60.4","16","1004.1","16","891.0","16","999.9"," 0","  9.4","16"," 14.0","999.9","  68.0","*","  60.3"," "," 0.12","G","999.9","011000"
"94588099999","2020-01-19","-29.6833333","151.7","1045.0","GLEN INNES AIRPORT, AS","  67.8","16","  61.5","16","1004.7","16","891.5","16","999.9"," 0","  4.8","16","  9.9","999.9","  77.0","*","  59.7"," "," 0.39","G","999.9","011000"
"94588099999","2020-01-20","-29.6833333","151.7","1045.0","GLEN INNES AIRPORT, AS","  67.8","16","  58.9","16","1006.8","16","893.4","16","999.9"," 0","  8.4","16"," 18.1","999.9","  80.4","*","  58.8","*"," 0.02","G","999.9","010000"
"94588099999","2020-01-21","-29.6833333","151.7","1045.0","GLEN INNES AIRPORT, AS","  67.9","16","  45.3","16","1009.8","16","896.0","16","999.9"," 0","  8.0","16"," 19.0","999.9","  85.3","*","  50.4","*"," 0.00","G","999.9","000000"
"94588099999","2020-01-22","-29.6833333","151.7","1045.0","GLEN INNES AIRPORT, AS","  74.7","16","  58.5","13","1010.4","16","896.6","16","999.9"," 0","  8.2","16"," 15.9","999.9","  86.7","*","  50.0"," "," 0.16","G","999.9","011000"
"94588099999","2020-01-23","-29.6833333","151.7","1045.0","GLEN INNES AIRPORT, AS","  73.8","16","  65.3","16","1010.0","16","896.2","16","999.9"," 0","  9.3","16"," 16.9","999.9","  83.3","*","  61.2"," "," 0.02","G","999.9","011000"
"94588099999","2020-01-24","-29.6833333","151.7","1045.0","GLEN INNES AIRPORT, AS","  71.1","16","  63.5","16","1011.4","16","897.4","16","999.9"," 0","  5.4","16"," 12.0","999.9","  79.2","*","  61.2","*"," 0.01","G","999.9","011000"
"94588099999","2020-01-25","-29.6833333","151.7","1045.0","GLEN INNES AIRPORT, AS","  70.1","16","  64.4","16","1012.7","16","898.6","16","999.9"," 0","  6.9","16"," 16.9","999.9","  83.3","*","  61.0"," "," 0.28","G","999.9","011000"
"94588099999","2020-01-26","-29.6833333","151.7","1045.0","GLEN INNES AIRPORT, AS","  72.1","16","  63.1","16","1012.8","16","898.7","16","999.9"," 0","  4.6","16","  8.0","999.9","  79.9","*","  66.2"," "," 0.00","G","999.9","000000"
"94588099999","2020-01-27","-29.6833333","151.7","1045.0","GLEN INNES AIRPORT, AS","  66.9","16","  61.4","16","1013.0","16","898.8","16","999.9"," 0","  5.6","16","  8.9","999.9","  79.5","*","  58.1","*"," 0.02","G","999.9","011000"
"94588099999","2020-01-28","-29.6833333","151.7","1045.0","GLEN INNES AIRPORT, AS","  73.2","16","  61.4","16","1013.3","16","899.1","16","999.9"," 0","  5.2","16","  9.9","999.9","  85.3","*","  56.7"," "," 0.00","G","999.9","000000"
"94588099999","2020-01-29","-29.6833333","151.7","1045.0","GLEN INNES AIRPORT, AS","  75.6","16","  64.1","16","1014.4","16","900.1","16","999.9"," 0","  9.2","16"," 13.0","999.9","  88.7","*","  61.0"," "," 0.00","I","999.9","000000"
"94588099999","2020-01-30","-29.6833333","151.7","1045.0","GLEN INNES AIRPORT, AS","  74.5","16","  63.7","16","1015.4","16","900.9","16","999.9"," 0","  8.0","16"," 14.0","999.9","  90.1"," ","  63.9","*"," 0.00","I","999.9","000000"
"94588099999","2020-01-31","-29.6833333","151.7","1045.0","GLEN INNES AIRPORT, AS","  73.4","16","  60.1","14","1016.1","16","901.6","16","999.9"," 0","  7.2","16"," 13.0","999.9","  85.5","*","  59.2","*"," 0.00","I","999.9","000000"
"94588099999","2020-02-01","-29.6833333","151.7","1045.0","GLEN INNES AIRPORT, AS","  74.7","16","  59.3","16","1013.8","16","899.4","16","999.9"," 0","  6.1","16"," 11.1","999.9","  86.2","*","  58.5"," "," 0.00","I","999.9","000000"
"94588099999","2020-02-02","-29.6833333","151.7","1045.0","GLEN INNES AIRPORT, AS","  74.5","16","  58.7","16","1009.4","16","895.5","16","999.9"," 0","  5.9","16"," 15.0","999.9","  86.4","*","  62.4"," "," 0.00","I","999.9","000000"
"94588099999","2020-02-03","-29.6833333","151.7","1045.0","GLEN INNES AIRPORT, AS","  69.2","16","  61.0","16","1009.1","16","895.3","16","999.9"," 0","  9.2","16"," 18.1","999.9","  85.5","*","  61.2","*"," 0.55","G","999.9","010000"
"94588099999","2020-02-04","-29.6833333","151.7","1045.0","GLEN INNES AIRPORT, AS","  58.5","16","  54.6","16","1015.8","16","901.3","16","999.9"," 0"," 15.5","16"," 19.0","999.9","  63.7","*","  55.4","*"," 0.00","G","999.9","000000"
"94588099999","2020-02-05","-29.6833333","151.7","1045.0","GLEN INNES AIRPORT, AS","  59.6","16","  55.0","16","1015.4","16","900.9","16","999.9"," 0"," 14.0","16"," 16.9","999.9","  63.9","*","  55.2"," "," 0.08","G","999.9","010000"
"94588099999","2020-02-06","-29.6833333","151.7","1045.0","GLEN INNES AIRPORT, AS","  61.5","16","  59.3","16","1014.0","16","899.6","16","999.9"," 0"," 12.7","16"," 16.9","999.9","  65.7","*","  57.2"," "," 0.71","G","999.9","010000"
"94588099999","2020-02-07","-29.6833333","151.7","1045.0","GLEN INNES AIRPORT, AS","  66.5","16","  60.5","16","1012.3","16","898.1","16","999.9"," 0","  9.1","16"," 13.0","999.9","  72.5","*","  59.4"," "," 0.20","G","999.9","000000"
"94588099999","2020-02-08","-29.6833333","151.7","1045.0","GLEN INNES AIRPORT, AS","  64.2","16","  61.5","16","1007.4","16","893.8","16","999.9"," 0","  8.6","16"," 13.0","999.9","  69.3","*","  61.9"," "," 0.98","G","999.9","011000"
"94588099999","2020-02-09","-29.6833333","151.7","1045.0","GLEN INNES AIRPORT, AS","  65.2","16","  59.8","16","1006.4","16","892.9","16","999.9"," 0","  7.0","16"," 12.0","999.9","  73.8","*","  56.5","*"," 0.02","G","999.9","010000"
"94588099999","2020-02-10","-29.6833333","151.7","1045.0","GLEN INNES AIRPORT, AS","  64.1","16","  59.0","16","1008.1","16","894.4","16","999.9"," 0","  8.0","16"," 25.1","999.9","  72.0","*","  55.6"," "," 0.20","G","999.9","011000"
"94588099999","2020-02-11","-29.6833333","151.7","1045.0","GLEN INNES AIRPORT, AS","  67.6","16","  62.4","16","1006.7","16","893.1","16","999.9"," 0","  7.8","16"," 15.0","999.9","  75.6","*","  57.4"," "," 0.20","G","999.9","011000"
"94588099999","2020-02-12","-29.6833333","151.7","1045.0","GLEN INNES AIRPORT, AS","  65.8","16","  62.0","16","1006.2","16","892.7","16","999.9"," 0"," 10.9","16"," 16.9","999.9","  74.5","*","  59.4"," "," 1.54","G","999.9","011000"
"94588099999","2020-02-13","-29.6833333","151.7","1045.0","GLEN INNES AIRPORT, AS","  63.9","16","  61.9","16","1005.8","16","892.4","16","999.9"," 0","  8.1","16"," 14.0","999.9","  67.1","*","  60.1","*"," 0.75","G","999.9","011000"
"94588099999","2020-02-14","-29.6833333","151.7","1045.0","GLEN INNES AIRPORT, AS","  67.6","16","  62.2","16","1004.9","16","891.5","16","999.9"," 0","  5.5","16","  8.9","999.9","  74.7","*","  59.9"," "," 0.00","G","999.9","010000"
"94588099999","2020-02-15","-29.6833333","151.7","1045.0","GLEN INNES AIRPORT, AS","  70.8","16","  61.8","16","1008.5","16","894.7","16","999.9"," 0","  6.7","16","  9.9","999.9","  80.1","*","  59.7"," "," 0.00","I","999.9","000000"
"94588099999","2020-02-16","-29.6833333","151.7","1045.0","GLEN INNES AIRPORT, AS","  69.5","16","  63.1","16","1012.1","16","898.0","16","999.9"," 0","  9.0","16"," 19.0","999.9","  81.3","*","  62.1"," "," 0.28","G","999.9","011000"
"94588099999","2020-02-17","-29.6833333","151.7","1045.0","GLEN INNES AIRPORT, AS","  67.0","16","  60.0","16","1012.0","16","897.8","16","999.9"," 0","  6.8","16"," 22.9","999.9","  82.8","*","  57.6","*"," 0.35","G","999.9","010000"
"94588099999","2020-02-18","-29.6833333","151.7","1045.0","GLEN INNES AIRPORT, AS","  72.4","16","  63.1","16","1007.7","16","894.0","16","999.9"," 0","  7.9","16"," 16.9","999.9","  80.1","*","  56.7"," "," 0.00","G","999.9","000000"
"94588099999","2020-02-19","-29.6833333","151.7","1045.0","GLEN INNES AIRPORT, AS","  63.5","16","  53.6","16","1005.8","16","892.4","16","999.9"," 0","  8.1","16"," 16.9","999.9","  80.1","*","  44.1","*"," 0.00","I","999.9","000000"
"94588099999","2020-02-20","-29.6833333","151.7","1045.0","GLEN INNES AIRPORT, AS","  65.3","16","  52.9","16","1010.1","16","896.2","16","999.9"," 0","  7.5","16","  9.9","999.9","  76.1","*","  43.9"," "," 0.00","I","999.9","000000"
"94588099999","2020-02-21","-29.6833333","151.7","1045.0","GLEN INNES AIRPORT, AS","  66.5","16","  57.2","16","1014.9","16","900.4","16","999.9"," 0","  9.7","16"," 16.9","999.9","  75.9","*","  54.0"," "," 0.00","I","999.9","000000"
"94588099999","2020-02-22","-29.6833333","151.7","1045.0","GLEN INNES AIRPORT, AS","  59.6","16","  55.1","16","1019.0","16","904.1","16","999.9"," 0"," 14.7","16"," 21.0","999.9","  64.2","*","  56.5","*"," 0.00","I","999.9","000000"
"94588099999","2020-02-23","-29.6833333","151.7","1045.0","GLEN INNES AIRPORT, AS","  60.1","16","  56.3","16","1018.2","16","903.4","16","999.9"," 0"," 11.4","16"," 16.9","999.9","  63.9","*","  56.5"," "," 0.02","G","999.9","010000"
"94588099999","2020-02-24","-29.6833333","151.7","1045.0","GLEN INNES AIRPORT, AS","  60.3","16","  57.6","16","1016.1","16","901.5","16","999.9"," 0"," 10.9","16"," 15.9","999.9","  66.6","*","  56.7","*"," 0.39","G","999.9","011000"
"94588099999","2020-02-25","-29.6833333","151.7","1045.0","GLEN INNES AIRPORT, AS","  64.5","16","  59.5","16","1012.4","16","898.2","16","999.9"," 0","  6.7","16"," 12.0","999.9","  71.1","*","  54.9","*"," 0.00","G","999.9","000000"
"94588099999","2020-02-26","-29.6833333","151.7","1045.0","GLEN INNES AIRPORT, AS","  65.1","16","  58.1","16","1008.2","16","894.5","16","999.9"," 0","  6.6","16"," 12.0","999.9","  74.7","*","  54.5"," "," 0.00","I","999.9","000000"
"94588099999","2020-02-27","-29.6833333","151.7","1045.0","GLEN INNES AIRPORT, AS","  66.9","16","  58.2","16","1007.3","16","893.7","16","999.9"," 0","  5.6","16","  9.9","999.9","  80.6","*","  53.2"," "," 0.02","G","999.9","011000"
"94588099999","2020-02-28","-29.6833333","151.7","1045.0","GLEN INNES AIRPORT, AS","  67.3","16","  56.1","16","1010.6","16","896.7","16","999.9"," 0","  8.4","16"," 14.0","999.9","  79.2","*","  53.4"," "," 0.00","G","999.9","000000"
"94588099999","2020-02-29","-29.6833333","151.7","1045.0","GLEN INNES AIRPORT, AS","  67.6","16","  59.6","16","1013.1","16","898.8","16","999.9"," 0","  7.0","16"," 11.1","999.9","  77.0","*","  56.3"," "," 0.00","I","999.9","000000"
"94588099999","2020-03-01","-29.6833333","151.7","1045.0","GLEN INNES AIRPORT, AS","  64.9","16","  55.2","16","1013.5","16","898.4","16","999.9"," 0","  5.4","16","  9.9","999.9","  77.9","*","  50.2","*"," 0.00","I","999.9","000000"
"94588099999","2020-03-02","-29.6833333","151.7","1045.0","GLEN INNES AIRPORT, AS","  67.0","24","  54.0","24","1014.2","24","899.0","24","999.9"," 0","  5.8","24"," 12.0","999.9","  82.0","*","  50.0"," "," 0.00","I","999.9","000000"
"94588099999","2020-03-03","-29.6833333","151.7","1045.0","GLEN INNES AIRPORT, AS","  68.3","24","  57.5","24","1015.9","24","900.6","24","999.9"," 0"," 11.6","24"," 15.0","999.9","  79.9","*","  54.5"," "," 0.00","I","999.9","000000"
"94588099999","2020-03-04","-29.6833333","151.7","1045.0","GLEN INNES AIRPORT, AS","  65.6","24","  59.5","24","1013.5","24","898.4","24","999.9"," 0"," 13.0","24"," 15.9","999.9","  71.8","*","  60.4"," "," 0.02","G","999.9","000000"
"94588099999","2020-03-05","-29.6833333","151.7","1045.0","GLEN INNES AIRPORT, AS","  66.8","24","  62.3","24","1009.7","24","895.1","24","999.9"," 0","  8.8","24"," 20.0","999.9","  70.7","*","  61.5"," "," 0.63","G","999.9","011000"
"94588099999","2020-03-06","-29.6833333","151.7","1045.0","GLEN INNES AIRPORT, AS","  63.8","24","  59.4","24","1011.7","24","896.8","24","999.9"," 0","  7.6","24"," 13.0","999.9","  73.9","*","  53.1","*"," 0.63","G","999.9","011000"
"94588099999","2020-03-07","-29.6833333","151.7","1045.0","GLEN INNES AIRPORT, AS","  62.5","24","  57.2","24","1015.3","24","900.0","24","999.9"," 0"," 12.1","24"," 15.0","999.9","  72.5","*","  52.7"," "," 0.00","G","999.9","000000"
"94588099999","2020-03-08","-29.6833333","151.7","1045.0","GLEN INNES AIRPORT, AS","  61.5","24","  56.8","24","1015.2","24","900.0","24","999.9"," 0"," 11.5","24"," 15.0","999.9","  70.2","*","  54.9"," "," 0.08","G","999.9","011000"
"94588099999","2020-03-09","-29.6833333","151.7","1045.0","GLEN INNES AIRPORT, AS","  58.1","24","  55.5","24","1015.2","24","900.0","24","999.9"," 0"," 14.1","24"," 16.9","999.9","  66.6","*","  54.9","*"," 0.28","G","999.9","011000"
"94588099999","2020-03-10","-29.6833333","151.7","1045.0","GLEN INNES AIRPORT, AS","  58.5","24","  54.0","24","1016.7","24","901.2","24","999.9"," 0"," 13.0","24"," 18.1","999.9","  66.2","*","  54.0","*"," 0.00","G","999.9","000000"
"94588099999","2020-03-11","-29.6833333","151.7","1045.0","GLEN INNES AIRPORT, AS","  57.3","22","  51.7","22","1019.0","22","903.2","22","999.9"," 0"," 14.4","22"," 18.1","999.9","  65.7","*","  49.5","*","99.99"," ","999.9","010000"
"94588099999","2020-03-12","-29.6833333","151.7","1045.0","GLEN INNES AIRPORT, AS","  57.1","24","  49.6","24","1018.2","24","902.5","24","999.9"," 0"," 12.2","24"," 17.1","999.9","  66.2","*","  49.1","*"," 0.00","I","999.9","000000"
"94588099999","2020-03-13","-29.6833333","151.7","1045.0","GLEN INNES AIRPORT, AS","  58.0","22","  50.4","22","1012.9","22","897.8","22","999.9"," 0","  8.4","22"," 17.1","999.9","  69.3","*","  48.6"," "," 0.01","G","999.9","000000"
"94588099999","2020-03-14","-29.6833333","151.7","1045.0","GLEN INNES AIRPORT, AS","  59.6","21","  48.8","21","1011.1","21","896.3","21","999.9"," 0"," 12.8","21"," 21.0","999.9","  70.9","*","  47.8"," "," 0.00","G","999.9","000000"
"94588099999","2020-03-15","-29.6833333","151.7","1045.0","GLEN INNES AIRPORT, AS","  56.6","24","  49.7","24","1015.4","24","900.1","24","999.9"," 0"," 15.1","24"," 21.0","999.9","  67.3","*","  48.6","*"," 0.00","I","999.9","000000"
"94588099999","2020-03-16","-29.6833333","151.7","1045.0","GLEN INNES AIRPORT, AS","  56.8","24","  50.4","24","1019.9","24","904.1","24","999.9"," 0"," 11.6","24"," 19.0","999.9","  65.5","*","  48.4"," ","99.99"," ","999.9","010000"
"94588099999","2020-03-17","-29.6833333","151.7","1045.0","GLEN INNES AIRPORT, AS","  57.1","24","  50.3","24","1022.5","24","906.4","24","999.9"," 0","  9.4","24"," 13.0","999.9","  68.0","*","  46.4","*"," 0.01","G","999.9","010000"
"94588099999","2020-03-18","-29.6833333","151.7","1045.0","GLEN INNES AIRPORT, AS","  55.5","24","  47.4","24","1022.5","24","906.4","24","999.9"," 0","  5.9","24","  9.9","999.9","  68.9","*","  39.6","*"," 0.00","G","999.9","010000"
"94588099999","2020-03-19","-29.6833333","151.7","1045.0","GLEN INNES AIRPORT, AS","  58.8","24","  43.7","20","1020.6","24","904.7","24","999.9"," 0","  5.1","24","  9.9","999.9","  77.9","*","  39.4"," "," 0.00","I","999.9","000000"
"94588099999","2020-03-20","-29.6833333","151.7","1045.0","GLEN INNES AIRPORT, AS","  61.7","24","  49.7","24","1018.1","24","902.5","24","999.9"," 0","  6.0","24"," 13.0","999.9","  76.5","*","  39.9"," "," 0.00","I","999.9","000000"
"94588099999","2020-03-21","-29.6833333","151.7","1045.0","GLEN INNES AIRPORT, AS","  65.7","24","  49.8","20","1018.6","24","902.9","24","999.9"," 0","  5.9","24"," 11.1","999.9","  81.9","*","  45.7"," "," 0.01","G","999.9","000000"
"94588099999","2020-03-22","-29.6833333","151.7","1045.0","GLEN INNES AIRPORT, AS","  63.9","24","  51.3","24","1018.2","24","902.6","24","999.9"," 0","  9.0","24"," 15.0","999.9","  79.7","*","  50.2"," "," 0.00","G","999.9","000000"
"94588099999","2020-03-23","-29.6833333","151.7","1045.0","GLEN INNES AIRPORT, AS","  60.7","24","  55.1","24","1020.3","24","904.4","24","999.9"," 0"," 12.9","24"," 15.9","999.9","  70.0","*","  48.7"," "," 0.01","G","999.9","010000"
"94588099999","2020-03-24","-29.6833333","151.7","1045.0","GLEN INNES AIRPORT, AS","  59.2","24","  54.9","24","1019.9","24","904.1","24","999.9"," 0","  8.3","24"," 13.0","999.9","  64.6","*","  55.6"," "," 0.00","G","999.9","000000"
"94588099999","2020-03-25","-29.6833333","151.7","1045.0","GLEN INNES AIRPORT, AS","  62.6","24","  55.8","24","1018.4","24","902.7","24","999.9"," 0","  7.5","24"," 15.0","999.9","  74.7","*","  55.0"," "," 0.51","G","999.9","010000"
"94588099999","2020-03-26","-29.6833333","151.7","1045.0","GLEN INNES AIRPORT, AS","  57.8","24","  53.7","24","1019.9","24","904.1","24","999.9"," 0"," 10.6","24"," 15.9","999.9","  68.4","*","  52.7","*"," 0.03","G","999.9","010000"
"94588099999","2020-03-27","-29.6833333","151.7","1045.0","GLEN INNES AIRPORT, AS","  55.1","24","  49.3","24","1020.2","24","904.4","24","999.9"," 0"," 10.3","24"," 15.0","999.9","  65.5","*","  44.6","*"," 0.00","G","999.9","000000"
"94588099999","2020-03-28","-29.6833333","151.7","1045.0","GLEN INNES AIRPORT, AS","  61.5","24","  54.3","24","1018.2","24","902.6","24","999.9"," 0","  8.2","24"," 13.0","999.9","  71.1","*","  44.2"," "," 0.00","I","999.9","000000"
"94588099999","2020-03-29","-29.6833333","151.7","1045.0","GLEN INNES AIRPORT, AS","  60.1","24","  54.6","24","1016.8","24","901.3","24","999.9"," 0","  5.6","24","  9.9","999.9","  74.5","*","  50.5","*"," 0.01","G","999.9","100000"
"94588099999","2020-03-30","-29.6833333","151.7","1045.0","GLEN INNES AIRPORT, AS","  60.6","24","  55.5","24","1015.0","24","899.8","24","999.9"," 0","  5.9","24"," 13.0","999.9","  73.8","*","  49.3"," "," 0.67","G","999.9","010000"
"94588099999","2020-03-31","-29.6833333","151.7","1045.0","GLEN INNES AIRPORT, AS","  62.4","24","  51.7","24","1016.1","24","900.7","24","999.9"," 0","  6.6","24","  8.9","999.9","  74.7","*","  47.8"," "," 0.01","G","999.9","000000"
"94588099999","2020-04-01","-29.6833333","151.7","1045.0","GLEN INNES AIRPORT, AS","  61.2","24","  52.8","24","1018.1","24","901.0","24","999.9"," 0","  7.5","24","  9.9","999.9","  72.5","*","  51.3"," "," 0.01","G","999.9","000000"
"94588099999","2020-04-02","-29.6833333","151.7","1045.0","GLEN INNES AIRPORT, AS","  64.2","24","  56.5","24","1014.4","24","897.7","24","999.9"," 0","  4.8","24"," 13.0","999.9","  75.2","*","  51.4"," "," 0.00","G","999.9","000000"
"94588099999","2020-04-03","-29.6833333","151.7","1045.0","GLEN INNES AIRPORT, AS","  63.2","24","  59.8","24","1010.2","24","894.0","24","999.9"," 0"," 10.6","24"," 21.0","999.9","  72.5","*","  54.5"," "," 1.22","G","999.9","011000"
"94588099999","2020-04-04","-29.6833333","151.7","1045.0","GLEN INNES AIRPORT, AS","  54.4","24","  49.0","24","1011.1","24","894.8","24","999.9"," 0","  9.8","24"," 21.0","999.9","  68.9","*","  41.2","*"," 0.67","G","999.9","011000"
"94588099999","2020-04-05","-29.6833333","151.7","1045.0","GLEN INNES AIRPORT, AS","  50.8","24","  41.7","24","1016.2","24","899.3","24","999.9"," 0","  6.7","24","  9.9","999.9","  66.6","*","  36.9"," "," 0.00","G","999.9","000000"
"94588099999","2020-04-06","-29.6833333","151.7","1045.0","GLEN INNES AIRPORT, AS","  56.2","24","  45.9","24","1017.2","24","900.2","24","999.9"," 0","  6.6","24","  8.9","999.9","  70.0","*","  37.0"," "," 0.01","G","999.9","000000"
"94588099999","2020-04-07","-29.6833333","151.7","1045.0","GLEN INNES AIRPORT, AS","  56.8","23","  50.0","23","1018.3","23","901.1","23","999.9"," 0","  8.2","23"," 11.1","999.9","  68.2","*","  45.0"," "," 0.00","G","999.9","000000"
"94588099999","2020-04-08","-29.6833333","151.7","1045.0","GLEN INNES AIRPORT, AS","  58.8","23","  51.0","23","1020.9","23","903.4","23","999.9"," 0","  8.2","23"," 15.0","999.9","  70.0","*","  48.9"," "," 0.00","I","999.9","000000"
"94588099999","2020-04-09","-29.6833333","151.7","1045.0","GLEN INNES AIRPORT, AS","  57.3","24","  52.8","24","1022.7","24","905.1","24","999.9"," 0"," 10.1","24"," 15.0","999.9","  63.0","*","  51.4"," ","99.99"," ","999.9","010000"
"94588099999","2020-04-10","-29.6833333","151.7","1045.0","GLEN INNES AIRPORT, AS","  55.9","24","  54.5","24","1015.7","24","898.8","24","999.9"," 0","  7.7","24"," 12.0","999.9","  59.9","*","  50.2","*"," 1.06","G","999.9","010000"
"94588099999","2020-04-11","-29.6833333","151.7","1045.0","GLEN INNES AIRPORT, AS","  53.5","24","  43.3","24","1010.5","24","894.3","24","999.9"," 0"," 12.4","24"," 19.0","999.9","  64.4","*","  37.8","*"," 0.00","G","999.9","000000"
"94588099999","2020-04-12","-29.6833333","151.7","1045.0","GLEN INNES AIRPORT, AS","  48.8","24","  36.5","24","1016.7","24","899.7","24","999.9"," 0","  5.7","24"," 11.1","999.9","  67.1","*","  34.7","*"," 0.00","I","999.9","000000"
"94588099999","2020-04-13","-29.6833333","151.7","1045.0","GLEN INNES AIRPORT, AS","  52.9","24","  43.5","24","1021.6","24","904.1","24","999.9"," 0","  5.3","24","  7.0","999.9","  68.0","*","  34.5"," "," 0.00","I","999.9","000000"
"94588099999","2020-04-14","-29.6833333","151.7","1045.0","GLEN INNES AIRPORT, AS","  55.1","24","  46.8","24","1024.0","24","906.2","24","999.9"," 0","  5.3","24","  8.9","999.9","  70.5","*","  39.6"," "," 0.00","I","999.9","000000"
"94588099999","2020-04-15","-29.6833333","151.7","1045.0","GLEN INNES AIRPORT, AS","  54.6","24","  45.1","24","1021.4","24","904.0","24","999.9"," 0","  4.7","24"," 12.0","999.9","  73.4","*","  39.2","*"," 0.00","I","999.9","000000"
"94588099999","2020-04-16","-29.6833333","151.7","1045.0","GLEN INNES AIRPORT, AS","  56.2","24","  48.3","24","1017.0","24","900.0","24","999.9"," 0","  5.9","24"," 14.0","999.9","  71.1","*","  37.9"," "," 0.00","I","999.9","000000"
"94588099999","2020-04-17","-29.6833333","151.7","1045.0","GLEN INNES AIRPORT, AS","  55.6","24","  46.9","24","1013.5","24","896.9","24","999.9"," 0","  7.5","24"," 16.9","999.9","  74.3","*","  38.5","*"," 0.00","I","999.9","000000"
"94588099999","2020-04-18","-29.6833333","151.7","1045.0","GLEN INNES AIRPORT, AS","  48.4","24","  38.2","24","1012.4","24","895.9","24","999.9"," 0","  5.5","24","  8.9","999.9","  68.0","*","  30.2","*"," 0.00","I","999.9","000000"
"94588099999","2020-04-19","-29.6833333","151.7","1045.0","GLEN INNES AIRPORT, AS","  45.4","24","  34.7","24","1014.0","24","897.3","24","999.9"," 0","  6.8","24"," 12.0","999.9","  65.1","*","  28.6"," "," 0.00","I","999.9","000000"
"94588099999","2020-04-20","-29.6833333","151.7","1045.0","GLEN INNES AIRPORT, AS","  51.2","24","  40.9","24","1017.8","24","900.7","24","999.9"," 0","  6.2","24"," 13.0","999.9","  65.7","*","  28.8"," "," 0.00","I","999.9","000000"
"94588099999","2020-04-21","-29.6833333","151.7","1045.0","GLEN INNES AIRPORT, AS","  58.0","24","  46.7","24","1018.9","24","901.7","24","999.9"," 0","  5.3","24"," 11.1","999.9","  70.2","*","  38.8"," ","99.99"," ","999.9","010000"
"94588099999","2020-04-22","-29.6833333","151.7","1045.0","GLEN INNES AIRPORT, AS","  49.3","24","  38.3","24","1019.7","24","902.4","24","999.9"," 0","  7.1","24"," 13.0","999.9","  70.0","*","  31.1","*"," 0.00","I","999.9","000000"
"94588099999","2020-04-23","-29.6833333","151.7","1045.0","GLEN INNES AIRPORT, AS","  51.8","24","  41.3","24","1018.9","24","901.7","24","999.9"," 0","  5.0","24","  8.9","999.9","  70.9","*","  31.1"," "," 0.00","I","999.9","000000"
"94588099999","2020-04-24","-29.6833333","151.7","1045.0","GLEN INNES AIRPORT, AS","  52.8","23","  39.3","23","1020.4","23","903.0","23","999.9"," 0","  6.3","23"," 11.1","999.9","  72.0","*","  37.4","*"," 0.00","I","999.9","000000"
"94588099999","2020-04-25","-29.6833333","151.7","1045.0","GLEN INNES AIRPORT, AS","  51.1","24","  40.3","24","1021.0","24","903.5","24","999.9"," 0","  4.9","24"," 11.1","999.9","  71.6","*","  33.3","*"," 0.00","I","999.9","000000"
"94588099999","2020-04-26","-29.6833333","151.7","1045.0","GLEN INNES AIRPORT, AS","  56.1","24","  47.3","24","1019.6","24","902.3","24","999.9"," 0","  7.6","24"," 17.1","999.9","  69.6","*","  32.5"," "," 0.00","I","999.9","000000"
"94588099999","2020-04-27","-29.6833333","151.7","1045.0","GLEN INNES AIRPORT, AS","  59.9","24","  51.9","24","1021.9","24","904.4","24","999.9"," 0","  7.2","24"," 12.0","999.9","  70.2","*","  44.6"," "," 0.00","I","999.9","000000"
"94588099999","2020-04-28","-29.6833333","151.7","1045.0","GLEN INNES AIRPORT, AS","  56.1","24","  51.1","24","1021.2","24","903.7","24","999.9"," 0","  7.5","24"," 12.0","999.9","  66.4","*","  45.5","*"," 0.01","G","999.9","000000"
"94588099999","2020-04-29","-29.6833333","151.7","1045.0","GLEN INNES AIRPORT, AS","  57.0","24","  51.2","24","1016.4","24","899.4","24","999.9"," 0","  5.4","24","  9.9","999.9","  68.9","*","  43.7","*"," 0.00","G","999.9","010000"
"94588099999","2020-04-30","-29.6833333","151.7","1045.0","GLEN INNES AIRPORT, AS","  48.4","24","  44.9","24","1011.6","24","895.2","24","999.9"," 0"," 15.2","24"," 22.9","999.9","  69.1","*","  38.7","*"," 0.39","G","999.9","011000"
"94588099999","2020-05-01","-29.6833333","151.7","1045.0","GLEN INNES AIRPORT, AS","  42.3","24","  35.3","24","1013.1","24","894.8","24","999.9"," 0"," 13.9","24"," 18.1","999.9","  51.8","*","  35.6","*"," 0.00","G","999.9","000000"
"94588099999","2020-05-02","-29.6833333","151.7","1045.0","GLEN INNES AIRPORT, AS","  46.7","24","  39.8","24","1013.3","24","895.0","24","999.9"," 0"," 17.5","24"," 26.0","999.9","  52.0","*","  35.4"," "," 0.00","I","999.9","000000"
"94588099999","2020-05-03","-29.6833333","151.7","1045.0","GLEN INNES AIRPORT, AS","  40.1","24","  32.1","24","1020.7","24","901.6","24","999.9"," 0","  7.0","24"," 14.0","999.9","  56.7","*","  27.1","*"," 0.01","G","999.9","000000"
"94588099999","2020-05-04","-29.6833333","151.7","1045.0","GLEN INNES AIRPORT, AS","  45.6","24","  33.7","24","1025.1","24","905.4","24","999.9"," 0","  7.0","24"," 13.0","999.9","  62.6","*","  26.1"," "," 0.01","G","999.9","010000"
"94588099999","2020-05-05","-29.6833333","151.7","1045.0","GLEN INNES AIRPORT, AS","  50.6","24","  45.0","24","1028.2","24","908.2","24","999.9"," 0","  9.2","24"," 15.0","999.9","  61.7","*","  32.9"," "," 0.01","G","999.9","010000"
"94588099999","2020-05-06","-29.6833333","151.7","1045.0","GLEN INNES AIRPORT, AS","  48.7","24","  43.9","24","1027.5","24","907.5","24","999.9"," 0","  7.7","24"," 12.0","999.9","  62.4","*","  39.2","*"," 0.02","G","999.9","010000"
"94588099999","2020-05-07","-29.6833333","151.7","1045.0","GLEN INNES AIRPORT, AS","  45.8","24","  38.5","24","1024.2","24","904.6","24","999.9"," 0","  5.5","24","  8.9","999.9","  64.0","*","  31.6","*"," 0.00","G","999.9","000000"
"94588099999","2020-05-08","-29.6833333","151.7","1045.0","GLEN INNES AIRPORT, AS","  49.9","24","  43.1","24","1021.7","24","902.4","24","999.9"," 0","  5.5","24"," 13.0","999.9","  65.5","*","  30.7"," "," 0.00","I","999.9","000000"
"94588099999","2020-05-09","-29.6833333","151.7","1045.0","GLEN INNES AIRPORT, AS","  50.2","24","  47.3","24","1019.0","24","900.0","24","999.9"," 0","  6.6","24"," 15.9","999.9","  61.9","*","  36.9"," "," 1.06","G","999.9","010000"
"94588099999","2020-05-10","-29.6833333","151.7","1045.0","GLEN INNES AIRPORT, AS","  42.8","24","  31.9","24","1021.3","24","902.0","24","999.9"," 0","  8.1","24"," 12.0","999.9","  60.8","*","  29.8","*"," 0.00","G","999.9","000000"
"94588099999","2020-05-11","-29.6833333","151.7","1045.0","GLEN INNES AIRPORT, AS","  42.0","24","  33.5","24","1025.0","24","905.3","24","999.9"," 0","  6.8","24","  9.9","999.9","  57.2","*","  29.7"," "," 0.01","G","999.9","000000"
"94588099999","2020-05-12","-29.6833333","151.7","1045.0","GLEN INNES AIRPORT, AS","  48.3","24","  43.2","23","1024.9","24","905.2","24","999.9"," 0","  6.6","24"," 11.1","999.9","  60.3","*","  29.8"," "," 0.01","G","999.9","011000"
"94588099999","2020-05-13","-29.6833333","151.7","1045.0","GLEN INNES AIRPORT, AS","  47.8","24","  41.7","24","1023.6","24","904.1","24","999.9"," 0","  6.1","24"," 11.1","999.9","  60.8","*","  36.9"," "," 0.01","G","999.9","000000"
"94588099999","2020-05-14","-29.6833333","151.7","1045.0","GLEN INNES AIRPORT, AS","  49.1","24","  40.9","24","1024.4","24","904.8","24","999.9"," 0","  6.7","24"," 13.0","999.9","  63.1","*","  36.7"," "," 0.00","G","999.9","000000"
"94588099999","2020-05-15","-29.6833333","151.7","1045.0","GLEN INNES AIRPORT, AS","  48.0","24","  38.6","24","1026.0","24","906.2","24","999.9"," 0","  9.8","24"," 16.9","999.9","  59.9","*","  38.1"," "," 0.00","I","999.9","000000"
"94588099999","2020-05-16","-29.6833333","151.7","1045.0","GLEN INNES AIRPORT, AS","  50.5","24","  44.8","24","1027.5","24","907.5","24","999.9"," 0"," 11.5","24"," 16.9","999.9","  61.2","*","  37.8"," "," 0.01","G","999.9","010000"
"94588099999","2020-05-17","-29.6833333","151.7","1045.0","GLEN INNES AIRPORT, AS","  52.2","24","  44.8","24","1028.6","24","908.5","24","999.9"," 0"," 11.5","24"," 16.9","999.9","  61.9","*","  42.8"," "," 0.00","G","999.9","000000"
"94588099999","2020-05-18","-29.6833333","151.7","1045.0","GLEN INNES AIRPORT, AS","  49.3","24","  45.4","24","1029.3","24","909.1","24","999.9"," 0"," 10.4","24"," 16.9","999.9","  56.7","*","  39.9","*"," 0.01","G","999.9","000000"
"94588099999","2020-05-19","-29.6833333","151.7","1045.0","GLEN INNES AIRPORT, AS","  50.3","24","  46.8","24","1025.6","24","905.8","24","999.9"," 0","  7.8","24"," 15.0","999.9","  58.8","*","  39.7"," "," 0.01","G","999.9","000000"
"94588099999","2020-05-20","-29.6833333","151.7","1045.0","GLEN INNES AIRPORT, AS","  53.3","24","  49.8","24","1019.6","24","900.5","24","999.9"," 0","  4.5","24"," 12.0","999.9","  60.8","*","  44.4"," "," 0.28","G","999.9","010000"
"94588099999","2020-05-21","-29.6833333","151.7","1045.0","GLEN INNES AIRPORT, AS","  45.1","24","  43.8","24","1012.7","24","894.5","24","999.9"," 0"," 11.8","24"," 16.9","999.9","  53.6","*","  32.9","*"," 0.94","G","999.9","010000"
"94588099999","2020-05-22","-29.6833333","151.7","1045.0","GLEN INNES AIRPORT, AS","  40.3","24","  36.4","24","1012.0","24","893.9","24","999.9"," 0","  9.9","24"," 13.0","999.9","  44.8","*","  32.2"," "," 0.01","G","999.9","000000"
"94588099999","2020-05-23","-29.6833333","151.7","1045.0","GLEN INNES AIRPORT, AS","  41.7","24","  37.8","24","1010.4","24","892.4","24","999.9"," 0","  9.1","24"," 15.9","999.9","  48.2","*","  36.5"," "," 0.00","G","999.9","000000"
"94588099999","2020-05-24","-29.6833333","151.7","1045.0","GLEN INNES AIRPORT, AS","  44.2","24","  40.3","24","1013.1","24","894.8","24","999.9"," 0","  7.3","24"," 14.0","999.9","  51.6","*","  31.1","*"," 0.00","I","999.9","000000"
"94588099999","2020-05-25","-29.6833333","151.7","1045.0","GLEN INNES AIRPORT, AS","  42.8","24","  37.0","24","1017.0","24","898.3","24","999.9"," 0","  5.3","24"," 13.0","999.9","  59.2","*","  30.2","*"," 0.00","I","999.9","000000"
"94588099999","2020-05-26","-29.6833333","151.7","1045.0","GLEN INNES AIRPORT, AS","  49.8","24","  43.9","24","1019.9","24","900.8","24","999.9"," 0","  5.8","24"," 11.1","999.9","  62.6","*","  29.5"," "," 0.00","I","999.9","000000"
"94588099999","2020-05-27","-29.6833333","151.7","1045.0","GLEN INNES AIRPORT, AS","  46.6","24","  41.7","24","1021.0","24","901.8","24","999.9"," 0","  5.1","24","  8.9","999.9","  65.5","*","  32.4","*"," 0.01","G","999.9","010000"
"94588099999","2020-05-28","-29.6833333","151.7","1045.0","GLEN INNES AIRPORT, AS","  47.2","24","  40.7","24","1022.3","24","902.9","24","999.9"," 0","  6.5","24"," 13.0","999.9","  63.7","*","  32.4"," "," 0.00","G","999.9","000000"
"94588099999","2020-05-29","-29.6833333","151.7","1045.0","GLEN INNES AIRPORT, AS","  46.4","24","  39.7","24","1025.4","24","905.6","24","999.9"," 0","  7.3","24"," 13.0","999.9","  61.9","*","  33.8"," "," 0.01","G","999.9","010000"
"94588099999","2020-05-30","-29.6833333","151.7","1045.0","GLEN INNES AIRPORT, AS","  47.8","24","  43.8","24","1024.5","24","904.9","24","999.9"," 0","  6.6","24"," 13.0","999.9","  58.3","*","  35.8"," "," 0.00","G","999.9","010000"
"94588099999","2020-05-31","-29.6833333","151.7","1045.0","GLEN INNES AIRPORT, AS","  46.8","24","  40.6","24","1020.1","24","901.0","24","999.9"," 0","  5.5","24"," 14.0","999.9","  60.3","*","  34.5","*"," 0.00","I","999.9","000000"
"94588099999","2020-06-01","-29.6833333","151.7","1045.0","GLEN INNES AIRPORT, AS","  47.0","24","  39.4","24","1016.4","24","896.7","24","999.9"," 0"," 12.7","24"," 21.0","999.9","  61.7","*","  33.6"," "," 0.03","G","999.9","000000"
"94588099999","2020-06-02","-29.6833333","151.7","1045.0","GLEN INNES AIRPORT, AS","  38.0","24","  31.2","24","1020.5","24","900.3","24","999.9"," 0"," 10.1","24"," 21.0","999.9","  46.4","*","  25.7","*"," 0.00","G","999.9","000000"
"94588099999","2020-06-03","-29.6833333","151.7","1045.0","GLEN INNES AIRPORT, AS","  42.7","24","  34.5","24","1026.0","24","905.2","24","999.9"," 0"," 10.7","24"," 17.1","999.9","  56.3","*","  23.9"," "," 0.00","I","999.9","000000"
"94588099999","2020-06-04","-29.6833333","151.7","1045.0","GLEN INNES AIRPORT, AS","  39.8","21","  33.6","21","1030.0","21","908.8","21","999.9"," 0","  6.3","21"," 15.0","999.9","  55.6","*","  25.3","*"," 0.01","G","999.9","000000"
"94588099999","2020-06-05","-29.6833333","151.7","1045.0","GLEN INNES AIRPORT, AS","  38.1","24","  30.8","24","1027.5","24","906.6","24","999.9"," 0","  4.5","24","  7.0","999.9","  59.0","*","  22.3","*"," 0.00","G","999.9","000000"
"94588099999","2020-06-06","-29.6833333","151.7","1045.0","GLEN INNES AIRPORT, AS","  39.7","24","  31.0","24","1023.7","24","903.2","24","999.9"," 0","  5.1","24","  8.0","999.9","  60.8","*","  20.7"," "," 0.01","G","999.9","000000"
"94588099999","2020-06-07","-29.6833333","151.7","1045.0","GLEN INNES AIRPORT, AS","  44.4","24","  37.1","24","1023.1","24","902.6","24","999.9"," 0","  5.8","24"," 11.1","999.9","  56.3","*","  24.1"," "," 0.01","G","999.9","010000"
"94588099999","2020-06-08","-29.6833333","151.7","1045.0","GLEN INNES AIRPORT, AS","  45.0","24","  36.4","24","1027.3","24","906.4","24","999.9"," 0","  7.1","24"," 13.0","999.9","  57.6","*","  30.9"," "," 0.01","G","999.9","000000"
"94588099999","2020-06-09","-29.6833333","151.7","1045.0","GLEN INNES AIRPORT, AS","  50.9","24","  47.8","24","1029.1","24","907.9","24","999.9"," 0"," 11.6","24"," 18.1","999.9","  58.1","*","  32.4"," "," 0.04","G","999.9","010000"
"94588099999","2020-06-10","-29.6833333","151.7","1045.0","GLEN INNES AIRPORT, AS","  52.1","24","  49.4","24","1025.7","24","904.9","24","999.9"," 0","  5.3","24"," 12.0","999.9","  61.7","*","  42.8"," "," 0.16","G","999.9","010000"
"94588099999","2020-06-11","-29.6833333","151.7","1045.0","GLEN INNES AIRPORT, AS","  48.0","24","  43.3","24","1023.6","24","903.1","24","999.9"," 0","  6.8","24"," 11.1","999.9","  63.1","*","  37.6","*"," 0.01","G","999.9","010000"
"94588099999","2020-06-12","-29.6833333","151.7","1045.0","GLEN INNES AIRPORT, AS","  50.3","24","  45.7","24","1024.3","24","903.7","24","999.9"," 0","  6.7","24"," 12.0","999.9","  62.1","*","  36.5"," "," 0.02","G","999.9","000000"
"94588099999","2020-06-13","-29.6833333","151.7","1045.0","GLEN INNES AIRPORT, AS","  55.3","24","  48.1","24","1021.7","24","901.4","24","  2.6"," 4","  7.6","24"," 15.9","999.9","  63.9","*","  40.1"," "," 1.26","G","999.9","010000"
"94588099999","2020-06-14","-29.6833333","151.7","1045.0","GLEN INNES AIRPORT, AS","  46.5","24","  44.0","24","1022.6","24","902.2","24","999.9"," 0","  7.9","24"," 15.0","999.9","  59.4","*","  29.3","*"," 0.08","G","999.9","011000"
"94588099999","2020-06-15","-29.6833333","151.7","1045.0","GLEN INNES AIRPORT, AS","  47.2","24","  39.8","23","1025.4","24","904.7","24","999.9"," 0","  5.0","24","  8.0","999.9","  63.0","*","  27.3"," "," 0.01","G","999.9","010000"
"94588099999","2020-06-16","-29.6833333","151.7","1045.0","GLEN INNES AIRPORT, AS","  42.7","24","  34.8","24","1027.4","24","906.4","24","999.9"," 0","  5.1","24","  8.0","999.9","  62.1","*","  28.9","*"," 0.00","G","999.9","000000"
"94588099999","2020-06-17","-29.6833333","151.7","1045.0","GLEN INNES AIRPORT, AS","  48.4","24","  42.1","24","1032.1","24","910.6","24","999.9"," 0","  8.5","24"," 15.0","999.9","  62.2","*","  27.5"," "," 0.01","G","999.9","010000"
"94588099999","2020-06-18","-29.6833333","151.7","1045.0","GLEN INNES AIRPORT, AS","  48.6","24","  46.4","24","1032.6","24","911.0","24","999.9"," 0"," 13.0","24"," 20.0","999.9","  58.5","*","  35.1"," "," 0.04","G","999.9","011000"
"94588099999","2020-06-19","-29.6833333","151.7","1045.0","GLEN INNES AIRPORT, AS","  43.2","24","  40.7","24","1029.2","24","908.0","24","999.9"," 0","  6.7","24"," 11.1","999.9","  57.2","*","  34.2","*"," 0.02","G","999.9","010000"
"94588099999","2020-06-20","-29.6833333","151.7","1045.0","GLEN INNES AIRPORT, AS","  47.2","24","  41.3","24","1022.2","24","901.9","24","999.9"," 0","  4.9","24"," 11.1","999.9","  59.0","*","  32.9"," "," 0.00","G","999.9","000000"
"94588099999","2020-06-21","-29.6833333","151.7","1045.0","GLEN INNES AIRPORT, AS","  42.6","24","  41.0","24","1014.9","24","895.4","24","999.9"," 0","  9.6","24"," 16.9","999.9","  53.1","*","  30.7","*"," 0.24","G","999.9","010000"
"94588099999","2020-06-22","-29.6833333","151.7","1045.0","GLEN INNES AIRPORT, AS","  40.7","24","  35.6","24","1014.3","24","894.8","24","999.9"," 0"," 13.1","24"," 20.0","999.9","  48.6","*","  30.0"," "," 0.12","G","999.9","010000"
"94588099999","2020-06-23","-29.6833333","151.7","1045.0","GLEN INNES AIRPORT, AS","  39.1","24","  36.2","24","1016.3","24","896.7","24","999.9"," 0"," 10.9","24"," 18.1","999.9","  42.8","*","  34.9"," "," 0.02","G","999.9","010000"
"94588099999","2020-06-24","-29.6833333","151.7","1045.0","GLEN INNES AIRPORT, AS","  37.4","24","  32.9","24","1018.6","24","898.6","24","999.9"," 0","  6.9","24"," 13.0","999.9","  50.0","*","  23.9","*"," 0.00","G","999.9","001000"
"94588099999","2020-06-25","-29.6833333","151.7","1045.0","GLEN INNES AIRPORT, AS","  37.4","24","  32.1","24","1020.7","24","900.5","24","999.9"," 0","  6.1","24","  9.9","999.9","  56.8","*","  22.6","*"," 0.01","G","999.9","001000"
"94588099999","2020-06-26","-29.6833333","151.7","1045.0","GLEN INNES AIRPORT, AS","  41.8","24","  34.8","24","1023.9","24","903.3","24","999.9"," 0","  6.1","24","  8.9","999.9","  59.4","*","  21.9"," "," 0.01","G","999.9","010000"
"94588099999","2020-06-27","-29.6833333","151.7","1045.0","GLEN INNES AIRPORT, AS","  41.6","24","  35.6","23","1025.8","24","905.0","24","999.9"," 0","  6.3","24","  8.9","999.9","  57.6","*","  28.8"," "," 0.01","G","999.9","010000"
"94588099999","2020-06-28","-29.6833333","151.7","1045.0","GLEN INNES AIRPORT, AS","  41.7","24","  34.2","23","1025.7","24","905.0","24","999.9"," 0","  6.0","24","  8.9","999.9","  57.6","*","  29.1","*"," 0.01","G","999.9","000000"
"94588099999","2020-06-29","-29.6833333","151.7","1045.0","GLEN INNES AIRPORT, AS","  44.9","24","  37.0","24","1025.6","24","904.9","24","999.9"," 0","  6.4","24"," 11.1","999.9","  57.2","*","  28.2"," "," 0.00","G","999.9","000000"
"94588099999","2020-06-30","-29.6833333","151.7","1045.0","GLEN INNES AIRPORT, AS","  40.2","24","  34.2","24","1024.6","24","904.0","24","999.9"," 0","  4.4","24","  8.9","999.9","  57.6","*","  28.6","*"," 0.01","G","999.9","010000"
"94588099999","2020-07-01","-29.6833333","151.7","1045.0","GLEN INNES AIRPORT, AS","  39.4","24","  33.8","23","1023.8","24","902.9","24","999.9"," 0","  5.7","24"," 13.0","999.9","  56.3","*","  25.3","*"," 0.00","G","999.9","000000"
"94588099999","2020-07-02","-29.6833333","151.7","1045.0","GLEN INNES AIRPORT, AS","  40.1","24","  37.2","24","1024.2","24","903.2","24","  2.1"," 4","  5.9","24"," 12.0","999.9","  58.3","*","  28.6","*"," 0.04","G","999.9","010000"
"94588099999","2020-07-03","-29.6833333","151.7","1045.0","GLEN INNES AIRPORT, AS","  42.9","24","  40.0","24","1021.9","24","901.2","24","999.9"," 0","  9.3","24"," 16.9","999.9","  58.3","*","  27.3"," "," 0.04","G","999.9","000000"
"94588099999","2020-07-04","-29.6833333","151.7","1045.0","GLEN INNES AIRPORT, AS","  33.1","24","  26.5","24","1021.7","24","901.0","24","999.9"," 0","  8.7","24"," 22.0","999.9","  47.7","*","  19.9","*"," 0.00","G","999.9","000000"
"94588099999","2020-07-05","-29.6833333","151.7","1045.0","GLEN INNES AIRPORT, AS","  37.9","24","  28.9","24","1024.5","24","903.5","24","999.9"," 0","  7.6","24"," 15.0","999.9","  58.8","*","  18.9"," "," 0.01","G","999.9","000000"
"94588099999","2020-07-06","-29.6833333","151.7","1045.0","GLEN INNES AIRPORT, AS","  39.6","24","  33.5","24","1027.8","24","906.4","24","999.9"," 0","  5.8","24"," 11.1","999.9","  56.7","*","  23.7"," "," 0.00","G","999.9","011000"
"94588099999","2020-07-07","-29.6833333","151.7","1045.0","GLEN INNES AIRPORT, AS","  40.7","24","  33.1","24","1028.6","24","907.1","24","999.9"," 0","  5.3","24","  8.9","999.9","  58.5","*","  23.5"," "," 0.01","G","999.9","000000"
"94588099999","2020-07-08","-29.6833333","151.7","1045.0","GLEN INNES AIRPORT, AS","  48.1","24","  43.8","24","1029.4","24","907.8","24","999.9"," 0","  9.2","24"," 13.0","999.9","  55.6","*","  26.6"," "," 0.00","G","999.9","000000"
"94588099999","2020-07-09","-29.6833333","151.7","1045.0","GLEN INNES AIRPORT, AS","  48.5","24","  45.0","24","1029.7","24","908.1","24","999.9"," 0","  7.2","24"," 11.1","999.9","  53.8","*","  43.5"," "," 0.08","G","999.9","011000"
"94588099999","2020-07-10","-29.6833333","151.7","1045.0","GLEN INNES AIRPORT, AS","  48.0","24","  44.5","24","1024.8","24","903.8","24","999.9"," 0","  5.6","24","  8.9","999.9","  56.7","*","  40.5","*"," 0.12","G","999.9","010000"
"94588099999","2020-07-11","-29.6833333","151.7","1045.0","GLEN INNES AIRPORT, AS","  49.8","24","  49.5","24","1018.8","24","898.4","24","999.9"," 0","  9.0","24"," 15.9","999.9","  50.4","*","  39.2"," "," 0.08","G","999.9","010000"
"94588099999","2020-07-12","-29.6833333","151.7","1045.0","GLEN INNES AIRPORT, AS","  41.8","24","  37.8","24","1017.9","24","897.7","24","999.9"," 0","  5.9","24"," 13.0","999.9","  56.7","*","  26.2","*"," 0.00","G","999.9","010000"
"94588099999","2020-07-13","-29.6833333","151.7","1045.0","GLEN INNES AIRPORT, AS","  39.2","24","  34.3","24","1017.8","24","897.5","24","999.9"," 0"," 10.6","24"," 15.9","999.9","  49.3","*","  24.3"," "," 0.02","G","999.9","010000"
"94588099999","2020-07-14","-29.6833333","151.7","1045.0","GLEN INNES AIRPORT, AS","  41.2","24","  37.8","24","1017.7","24","897.5","24","999.9"," 0"," 11.3","24"," 15.9","999.9","  45.0","*","  33.6"," "," 0.00","G","999.9","010000"
"94588099999","2020-07-15","-29.6833333","151.7","1045.0","GLEN INNES AIRPORT, AS","  41.4","24","  34.5","24","1017.0","24","896.9","24","999.9"," 0","  8.9","24"," 15.0","999.9","  53.6","*","  28.9","*"," 0.01","G","999.9","000000"
"94588099999","2020-07-16","-29.6833333","151.7","1045.0","GLEN INNES AIRPORT, AS","  38.6","24","  31.1","24","1016.7","24","896.6","24","999.9"," 0","  7.1","24"," 14.0","999.9","  52.9","*","  25.3","*"," 0.00","G","999.9","000000"
"94588099999","2020-07-17","-29.6833333","151.7","1045.0","GLEN INNES AIRPORT, AS","  41.5","24","  35.5","24","1019.9","24","899.4","24","999.9"," 0","  7.5","24"," 14.0","999.9","  60.8","*","  23.0"," "," 0.01","G","999.9","000000"
"94588099999","2020-07-18","-29.6833333","151.7","1045.0","GLEN INNES AIRPORT, AS","  40.4","24","  32.5","24","1021.1","24","900.5","24","999.9"," 0","  4.7","24","  8.9","999.9","  60.3","*","  25.7","*"," 0.00","G","999.9","000000"
"94588099999","2020-07-19","-29.6833333","151.7","1045.0","GLEN INNES AIRPORT, AS","  42.5","24","  35.0","24","1020.1","24","899.6","24","999.9"," 0","  6.5","24"," 14.0","999.9","  59.2","*","  24.4"," "," 0.00","I","999.9","000000"
"94588099999","2020-07-20","-29.6833333","151.7","1045.0","GLEN INNES AIRPORT, AS","  37.4","24","  24.3","24","1022.1","24","901.4","24","999.9"," 0","  7.3","24"," 13.0","999.9","  58.3","*","  21.0","*"," 0.01","G","999.9","000000"
"94588099999","2020-07-21","-29.6833333","151.7","1045.0","GLEN INNES AIRPORT, AS","  41.0","24","  29.5","24","1026.4","24","905.2","24","999.9"," 0","  6.2","24"," 11.1","999.9","  57.4","*","  18.9"," "," 0.00","G","999.9","000000"
"94588099999","2020-07-22","-29.6833333","151.7","1045.0","GLEN INNES AIRPORT, AS","  43.1","24","  36.0","24","1026.1","24","904.9","24","999.9"," 0","  5.5","24"," 11.1","999.9","  56.3","*","  27.5"," "," 0.00","I","999.9","000000"
"94588099999","2020-07-23","-29.6833333","151.7","1045.0","GLEN INNES AIRPORT, AS","  47.1","24","  39.4","24","1025.6","24","904.4","24","999.9"," 0","  6.7","24"," 14.0","999.9","  60.1","*","  31.6"," "," 0.00","I","999.9","000000"
"94588099999","2020-07-24","-29.6833333","151.7","1045.0","GLEN INNES AIRPORT, AS","  48.9","24","  46.6","24","1025.6","24","904.4","24","999.9"," 0"," 13.4","24"," 19.0","999.9","  53.1","*","  33.3"," ","99.99"," ","999.9","010000"
"94588099999","2020-07-25","-29.6833333","151.7","1045.0","GLEN INNES AIRPORT, AS","  49.8","24","  48.6","24","1021.0","24","900.3","24","999.9"," 0","  9.1","24"," 17.1","999.9","  52.2","*","  46.2"," "," 0.91","G","999.9","010000"
"94588099999","2020-07-26","-29.6833333","151.7","1045.0","GLEN INNES AIRPORT, AS","  46.8","24","  44.7","23","1010.8","24","891.4","24","  2.9"," 5"," 15.3","24"," 20.0","999.9","  54.5","*","  42.3","*"," 0.55","G","999.9","010000"
"94588099999","2020-07-27","-29.6833333","151.7","1045.0","GLEN INNES AIRPORT, AS","  42.7","23","  42.3","22","1010.3","23","891.0","23","  2.3"," 5"," 17.1","23"," 23.9","999.9","  44.2","*","  41.0","*"," 0.16","G","999.9","010000"
"94588099999","2020-07-28","-29.6833333","151.7","1045.0","GLEN INNES AIRPORT, AS","  41.6","24","  40.5","24","1015.9","24","895.9","24","999.9"," 0","  6.8","24"," 15.0","999.9","  46.8","*","  30.9","*"," 0.01","G","999.9","010000"
"94588099999","2020-07-29","-29.6833333","151.7","1045.0","GLEN INNES AIRPORT, AS","  44.4","24","  39.1","24","1019.6","24","899.2","24","999.9"," 0","  6.9","24"," 13.0","999.9","  59.0","*","  30.4"," "," 0.01","G","999.9","000000"
"94588099999","2020-07-30","-29.6833333","151.7","1045.0","GLEN INNES AIRPORT, AS","  43.8","24","  35.5","24","1024.5","24","903.4","24","999.9"," 0","  6.7","24"," 11.1","999.9","  61.9","*","  31.1","*"," 0.00","G","999.9","000000"
"94588099999","2020-07-31","-29.6833333","151.7","1045.0","GLEN INNES AIRPORT, AS","  41.0","24","  34.1","24","1026.9","24","905.6","24","999.9"," 0","  5.7","24"," 12.0","999.9","  57.6","*","  26.2","*"," 0.01","G","999.9","010000"
"94588099999","2020-08-01","-29.6833333","151.7","1045.0","GLEN INNES AIRPORT, AS","  40.6","24","  32.6","24","1026.2","24","905.2","24","999.9"," 0","  4.3","24","  7.0","999.9","  60.8","*","  23.9","*"," 0.00","G","999.9","000000"
"94588099999","2020-08-02","-29.6833333","151.7","1045.0","GLEN INNES AIRPORT, AS","  42.5","24","  32.4","22","1024.2","24","903.5","24","999.9"," 0","  5.4","24","  8.0","999.9","  61.7","*","  22.6"," "," 0.01","G","999.9","001000"
"94588099999","2020-08-03","-29.6833333","151.7","1045.0","GLEN INNES AIRPORT, AS","  42.2","24","  35.4","24","1019.5","24","899.3","24","999.9"," 0","  5.9","24"," 12.0","999.9","  58.3","*","  28.6"," "," 0.00","G","999.9","000000"
"94588099999","2020-08-04","-29.6833333","151.7","1045.0","GLEN INNES AIRPORT, AS","  43.7","24","  33.3","24","1015.5","24","895.8","24","999.9"," 0","  6.6","24"," 17.1","999.9","  59.0","*","  28.0","*"," 0.00","I","999.9","000000"
"94588099999","2020-08-05","-29.6833333","151.7","1045.0","GLEN INNES AIRPORT, AS","  36.5","24","  23.1","24","1016.8","24","897.0","24","999.9"," 0","  8.9","24"," 22.9","999.9","  59.4","*","  15.3","*"," 0.00","I","999.9","000000"
"94588099999","2020-08-06","-29.6833333","151.7","1045.0","GLEN INNES AIRPORT, AS","  47.2","24","  24.9","24","1019.4","24","899.2","24","999.9"," 0","  9.5","24"," 19.0","999.9","  63.0","*","  33.8","*"," 0.00","I","999.9","000000"
"94588099999","2020-08-07","-29.6833333","151.7","1045.0","GLEN INNES AIRPORT, AS","  44.8","24","  44.2","23","1016.6","24","896.8","24","999.9"," 0","  8.8","24"," 21.0","999.9","  47.5","*","  32.9"," "," 0.51","G","999.9","011000"
"94588099999","2020-08-08","-29.6833333","151.7","1045.0","GLEN INNES AIRPORT, AS","  43.3","24","  39.9","24","1014.6","24","895.0","24","999.9"," 0"," 11.1","24"," 18.1","999.9","  54.5","*","  36.3","*"," 0.03","G","999.9","010000"
"94588099999","2020-08-09","-29.6833333","151.7","1045.0","GLEN INNES AIRPORT, AS","  39.1","24","  35.8","24","1011.4","24","892.2","24","999.9"," 0"," 15.9","24"," 20.0","999.9","  46.8","*","  35.8"," "," 0.12","G","999.9","010000"
"94588099999","2020-08-10","-29.6833333","151.7","1045.0","GLEN INNES AIRPORT, AS","  42.0","24","  37.8","24","1016.3","24","896.5","24","999.9"," 0","  9.3","24"," 15.0","999.9","  49.6","*","  31.6","*"," 0.02","G","999.9","010000"
"94588099999","2020-08-11","-29.6833333","151.7","1045.0","GLEN INNES AIRPORT, AS","  48.6","24","  41.2","23","1019.6","24","899.4","24","999.9"," 0","  5.2","24"," 15.9","999.9","  60.1","*","  29.3"," "," 0.00","G","999.9","000000"
"94588099999","2020-08-12","-29.6833333","151.7","1045.0","GLEN INNES AIRPORT, AS","  48.7","22","  42.3","22","1017.6","22","897.7","22","999.9"," 0","  6.9","22"," 15.9","999.9","  60.8","*","  38.3","*"," 0.00","I","999.9","000000"
"94588099999","2020-08-13","-29.6833333","151.7","1045.0","GLEN INNES AIRPORT, AS","  46.3","24","  36.4","24","1018.4","24","898.4","24","999.9"," 0","  7.7","24"," 19.0","999.9","  63.7","*","  31.3","*"," 0.00","I","999.9","000000"
"94588099999","2020-08-14","-29.6833333","151.7","1045.0","GLEN INNES AIRPORT, AS","  56.0","24","  45.6","21","1015.0","24","895.4","24","999.9"," 0","  9.6","24"," 15.9","999.9","  68.5","*","  30.7"," "," 1.46","G","999.9","010000"
"94588099999","2020-08-15","-29.6833333","151.7","1045.0","GLEN INNES AIRPORT, AS","  46.9","24","  37.5","24","1012.8","24","893.4","24","999.9"," 0"," 13.9","24"," 21.0","999.9","  56.5","*","  42.6","*"," 0.00","G","999.9","010000"
"94588099999","2020-08-16","-29.6833333","151.7","1045.0","GLEN INNES AIRPORT, AS","  43.3","24","  35.7","23","1012.5","24","893.1","24","999.9"," 0"," 11.6","24"," 17.1","999.9","  52.2","*","  35.4","*"," 0.02","G","999.9","011000"
"94588099999","2020-08-17","-29.6833333","151.7","1045.0","GLEN INNES AIRPORT, AS","  42.9","24","  36.2","24","1012.1","24","892.8","24","999.9"," 0","  9.6","24"," 15.0","999.9","  53.8","*","  32.9","*"," 0.01","G","999.9","000000"
"94588099999","2020-08-18","-29.6833333","151.7","1045.0","GLEN INNES AIRPORT, AS","  50.4","24","  39.7","24","1007.6","24","888.8","24","999.9"," 0","  9.1","24"," 16.9","999.9","  58.5","*","  32.7"," "," 0.03","G","999.9","010000"
"94588099999","2020-08-19","-29.6833333","151.7","1045.0","GLEN INNES AIRPORT, AS","  48.1","24","  31.0","24","1005.6","24","887.0","24","999.9"," 0"," 16.4","24"," 26.0","999.9","  57.0","*","  38.3","*"," 0.00","G","999.9","000000"
"94588099999","2020-08-20","-29.6833333","151.7","1045.0","GLEN INNES AIRPORT, AS","  43.3","24","  35.0","24","1011.2","24","892.1","24","999.9"," 0"," 15.6","24"," 22.9","999.9","  52.2","*","  35.1","*"," 0.02","G","999.9","010000"
"94588099999","2020-08-21","-29.6833333","151.7","1045.0","GLEN INNES AIRPORT, AS","  44.1","24","  34.0","24","1012.4","24","893.0","24","999.9"," 0"," 14.0","24"," 19.0","999.9","  50.4","*","  34.7"," "," 0.04","G","999.9","011000"
"94588099999","2020-08-22","-29.6833333","151.7","1045.0","GLEN INNES AIRPORT, AS","  36.8","24","  30.0","24","1012.0","24","892.7","24","999.9"," 0"," 14.8","24"," 28.0","999.9","  45.5","*","  28.4","*"," 0.08","G","999.9","011000"
"94588099999","2020-08-23","-29.6833333","151.7","1045.0","GLEN INNES AIRPORT, AS","  39.4","24","  29.4","24","1016.6","24","896.8","24","999.9"," 0"," 14.5","24"," 22.0","999.9","  48.6","*","  27.5"," "," 0.00","G","999.9","000000"
"94588099999","2020-08-24","-29.6833333","151.7","1045.0","GLEN INNES AIRPORT, AS","  34.7","24","  24.9","24","1023.0","24","902.5","24","999.9"," 0","  7.4","24"," 13.0","999.9","  51.8","*","  20.3","*"," 0.00","I","999.9","000000"
"94588099999","2020-08-25","-29.6833333","151.7","1045.0","GLEN INNES AIRPORT, AS","  37.7","24","  26.4","24","1026.4","24","905.4","24","999.9"," 0","  7.0","24"," 13.0","999.9","  53.8","*","  19.4"," "," 0.00","G","999.9","000000"
"94588099999","2020-08-26","-29.6833333","151.7","1045.0","GLEN INNES AIRPORT, AS","  43.9","24","  33.8","24","1027.8","24","906.7","24","999.9"," 0","  5.4","24","  8.0","999.9","  59.0","*","  23.5"," "," 0.01","G","999.9","001000"
"94588099999","2020-08-27","-29.6833333","151.7","1045.0","GLEN INNES AIRPORT, AS","  42.2","24","  32.0","24","1026.1","24","905.2","24","999.9"," 0","  5.1","24"," 12.0","999.9","  57.9","*","  27.7","*"," 0.00","G","999.9","000000"
"94588099999","2020-08-28","-29.6833333","151.7","1045.0","GLEN INNES AIRPORT, AS","  43.9","24","  31.0","24","1028.0","24","906.8","24","999.9"," 0","  8.2","24"," 15.0","999.9","  61.2","*","  26.1"," ","99.99"," ","999.9","001000"
"94588099999","2020-08-29","-29.6833333","151.7","1045.0","GLEN INNES AIRPORT, AS","  45.9","24","  35.4","24","1029.9","24","908.5","24","999.9"," 0","  6.7","24"," 12.0","999.9","  62.6","*","  26.8"," ","99.99"," ","999.9","010000"
"94588099999","2020-08-30","-29.6833333","151.7","1045.0","GLEN INNES AIRPORT, AS","  47.3","24","  37.8","24","1025.2","24","904.4","24","999.9"," 0","  3.8","24"," 11.1","999.9","  64.9","*","  31.3"," ","99.99"," ","999.9","010000"
"94588099999","2020-08-31","-29.6833333","151.7","1045.0","GLEN INNES AIRPORT, AS","  46.2","24","  36.9","24","1022.0","24","901.5","24","999.9"," 0","  8.1","24"," 15.0","999.9","  65.7","*","  28.6","*","99.99"," ","999.9","011000"
"94588099999","2020-09-01","-29.6833333","151.7","1045.0","GLEN INNES AIRPORT, AS","  48.1","24","  38.8","24","1022.0","24","903.1","24","999.9"," 0","  6.3","24","  9.9","999.9","  66.2","*","  26.4"," "," 0.01","G","999.9","011000"
"94588099999","2020-09-02","-29.6833333","151.7","1045.0","GLEN INNES AIRPORT, AS","  47.5","24","  38.4","24","1023.9","24","904.7","24","999.9"," 0","  6.8","24"," 15.0","999.9","  65.3","*","  26.4"," "," 0.00","G","999.9","000000"
"94588099999","2020-09-03","-29.6833333","151.7","1045.0","GLEN INNES AIRPORT, AS","  50.3","24","  43.2","23","1023.1","24","904.0","24","999.9"," 0","  6.2","24"," 12.0","999.9","  65.3","*","  32.0"," "," 0.00","I","999.9","000000"
"94588099999","2020-09-04","-29.6833333","151.7","1045.0","GLEN INNES AIRPORT, AS","  53.9","24","  46.4","24","1019.8","24","901.1","24","999.9"," 0","  5.8","24"," 12.0","999.9","  68.4","*","  33.3"," "," 0.00","I","999.9","000000"
"94588099999","2020-09-05","-29.6833333","151.7","1045.0","GLEN INNES AIRPORT, AS","  53.4","24","  47.4","24","1020.6","24","901.8","24","999.9"," 0"," 10.0","24"," 21.0","999.9","  64.9","*","  41.0","*"," 0.00","I","999.9","000000"
"94588099999","2020-09-06","-29.6833333","151.7","1045.0","GLEN INNES AIRPORT, AS","  50.7","23","  46.1","23","1027.8","23","908.2","23","999.9"," 0"," 12.5","23"," 21.0","999.9","  60.1","*","  38.7"," "," 0.00","I","999.9","000000"
"94588099999","2020-09-07","-29.6833333","151.7","1045.0","GLEN INNES AIRPORT, AS","  52.0","24","  45.4","24","1030.3","24","910.4","24","999.9"," 0","  9.0","24"," 12.0","999.9","  63.0","*","  41.4","*"," 0.00","I","999.9","000000"
"94588099999","2020-09-08","-29.6833333","151.7","1045.0","GLEN INNES AIRPORT, AS","  48.9","24","  40.6","24","1027.6","24","908.0","24","999.9"," 0","  6.7","24","  9.9","999.9","  65.3","*","  33.6","*","99.99"," ","999.9","011000"
"94588099999","2020-09-09","-29.6833333","151.7","1045.0","GLEN INNES AIRPORT, AS","  56.7","24","  36.8","18","1022.4","24","903.4","24","999.9"," 0"," 10.4","24"," 18.1","999.9","  70.0","*","  32.5"," "," 0.12","G","999.9","010000"
"94588099999","2020-09-10","-29.6833333","151.7","1045.0","GLEN INNES AIRPORT, AS","  46.6","24","  42.5","24","1023.4","24","904.3","24","999.9"," 0"," 16.0","24"," 22.0","999.9","  50.0","*","  41.9","*"," 0.31","G","999.9","010000"
"94588099999","2020-09-11","-29.6833333","151.7","1045.0","GLEN INNES AIRPORT, AS","  48.2","24","  41.0","24","1027.0","24","907.4","24","999.9"," 0"," 12.9","24"," 21.0","999.9","  57.6","*","  40.1","*"," 0.00","G","999.9","000000"
"94588099999","2020-09-12","-29.6833333","151.7","1045.0","GLEN INNES AIRPORT, AS","  46.9","24","  38.7","24","1026.4","24","907.0","24","999.9"," 0","  8.2","24"," 18.1","999.9","  59.2","*","  34.7","*","99.99"," ","999.9","010000"
"94588099999","2020-09-13","-29.6833333","151.7","1045.0","GLEN INNES AIRPORT, AS","  49.3","24","  37.1","24","1024.7","24","905.4","24","999.9"," 0","  4.3","24","  7.0","999.9","  67.1","*","  34.0","*"," 0.00","I","999.9","000000"
"94588099999","2020-09-14","-29.6833333","151.7","1045.0","GLEN INNES AIRPORT, AS","  51.6","24","  40.1","20","1025.9","24","906.5","24","999.9"," 0","  6.9","24"," 11.1","999.9","  68.4","*","  32.2"," "," 0.00","I","999.9","000000"
"94588099999","2020-09-15","-29.6833333","151.7","1045.0","GLEN INNES AIRPORT, AS","  53.3","24","  44.0","24","1027.4","24","907.8","24","999.9"," 0","  8.1","24"," 11.1","999.9","  64.9","*","  36.0"," "," 0.01","G","999.9","100000"
"94588099999","2020-09-16","-29.6833333","151.7","1045.0","GLEN INNES AIRPORT, AS","  51.0","24","  39.2","21","1025.5","24","906.1","24","999.9"," 0","  4.8","24","  8.0","999.9","  68.4","*","  33.3","*"," 0.00","G","999.9","000000"
"94588099999","2020-09-17","-29.6833333","151.7","1045.0","GLEN INNES AIRPORT, AS","  53.6","24","  42.3","23","1026.4","24","907.0","24","999.9"," 0","  6.2","24"," 14.0","999.9","  70.7","*","  33.3"," "," 0.00","I","999.9","000000"
"94588099999","2020-09-18","-29.6833333","151.7","1045.0","GLEN INNES AIRPORT, AS","  55.0","24","  45.5","24","1027.0","24","907.5","24","999.9"," 0"," 12.5","24"," 18.1","999.9","  65.5","*","  37.8"," "," 0.00","I","999.9","000000"
"94588099999","2020-09-19","-29.6833333","151.7","1045.0","GLEN INNES AIRPORT, AS","  55.8","24","  47.6","24","1022.4","24","903.4","24","999.9"," 0"," 10.6","24"," 19.0","999.9","  65.3","*","  43.9"," "," 0.04","G","999.9","010000"
"94588099999","2020-09-20","-29.6833333","151.7","1045.0","GLEN INNES AIRPORT, AS","  53.2","24","  49.7","24","1017.8","24","899.4","24","999.9"," 0","  6.5","24"," 15.0","999.9","  65.7","*","  43.7","*"," 0.02","G","999.9","011000"
"94588099999","2020-09-21","-29.6833333","151.7","1045.0","GLEN INNES AIRPORT, AS","  61.7","24","  54.8","20","1016.3","24","898.0","24","999.9"," 0","  8.7","24"," 18.1","999.9","  75.2","*","  42.4"," "," 0.08","G","999.9","010000"
"94588099999","2020-09-22","-29.6833333","151.7","1045.0","GLEN INNES AIRPORT, AS","  53.8","24","  49.0","24","1016.6","24","898.2","24","999.9"," 0","  8.8","24"," 19.0","999.9","  64.6","*","  36.0","*"," 0.20","G","999.9","011000"
"94588099999","2020-09-23","-29.6833333","151.7","1045.0","GLEN INNES AIRPORT, AS","  50.3","24","  34.5","24","1015.8","24","897.5","24","999.9"," 0"," 10.5","24"," 20.0","999.9","  66.0","*","  30.7","*"," 0.00","G","999.9","000000"
"94588099999","2020-09-24","-29.6833333","151.7","1045.0","GLEN INNES AIRPORT, AS","  43.9","24","  18.7","22","1015.0","24","896.9","24","999.9"," 0","  7.1","24"," 19.0","999.9","  61.2","*","  26.6","*"," 0.00","I","999.9","000000"
"94588099999","2020-09-25","-29.6833333","151.7","1045.0","GLEN INNES AIRPORT, AS","  52.1","24","  27.0","21","1010.4","24","892.7","24","999.9"," 0"," 17.8","24"," 26.0","999.9","  69.3","*","  25.7"," "," 0.00","I","999.9","000000"
"94588099999","2020-09-26","-29.6833333","151.7","1045.0","GLEN INNES AIRPORT, AS","  37.9","24","  22.5","21","1017.3","24","898.9","24","999.9"," 0"," 11.5","24"," 27.0","999.9","  53.4","*","  22.3","*"," 0.00","I","999.9","000000"
"94588099999","2020-09-27","-29.6833333","151.7","1045.0","GLEN INNES AIRPORT, AS","  43.7","24","  30.7","24","1022.3","24","903.3","24","999.9"," 0","  7.9","24"," 13.0","999.9","  58.6","*","  21.0"," "," 0.00","I","999.9","000000"
"94588099999","2020-09-28","-29.6833333","151.7","1045.0","GLEN INNES AIRPORT, AS","  49.7","24","  39.1","23","1023.7","24","904.5","24","999.9"," 0","  7.8","24"," 12.0","999.9","  61.5","*","  28.2"," ","99.99"," ","999.9","010000"
"94588099999","2020-09-29","-29.6833333","151.7","1045.0","GLEN INNES AIRPORT, AS","  49.8","24","  39.7","24","1022.2","24","903.2","24","999.9"," 0","  6.8","24","  9.9","999.9","  62.2","*","  37.9","*"," 0.00","I","999.9","000000"
"94588099999","2020-09-30","-29.6833333","151.7","1045.0","GLEN INNES AIRPORT, AS","  45.9","24","  41.1","24","1019.1","24","900.5","24","999.9"," 0","  5.4","24"," 14.0","999.9","  57.6","*","  32.0","*"," 0.02","G","999.9","011000"
"94588099999","2020-10-01","-29.6833333","151.7","1045.0","GLEN INNES AIRPORT, AS","  47.0","24","  40.7","24","1020.3","24","902.7","24","999.9"," 0","  7.8","24"," 15.9","999.9","  62.6","*","  30.2","*"," 0.01","G","999.9","000000"
"94588099999","2020-10-02","-29.6833333","151.7","1045.0","GLEN INNES AIRPORT, AS","  59.3","24","  44.8","18","1025.0","24","906.9","24","999.9"," 0","  7.5","24"," 14.0","999.9","  73.9","*","  29.8"," "," 0.00","G","999.9","000000"
"94588099999","2020-10-03","-29.6833333","151.7","1045.0","GLEN INNES AIRPORT, AS","  58.4","24","  44.8","16","1024.9","24","906.8","24","999.9"," 0","  8.9","24"," 14.0","999.9","  73.8","*","  46.0"," "," 0.00","I","999.9","000000"
"94588099999","2020-10-04","-29.6833333","151.7","1045.0","GLEN INNES AIRPORT, AS","  57.4","24","  35.5","18","1022.3","24","904.5","24","999.9"," 0","  6.8","24"," 11.1","999.9","  74.3","*","  41.5","*","99.99"," ","999.9","010000"
"94588099999","2020-10-05","-29.6833333","151.7","1045.0","GLEN INNES AIRPORT, AS","  56.1","24","  37.6","21","1020.1","24","902.6","24","999.9"," 0","  4.6","24","  6.0","999.9","  74.3","*","  36.3","*"," 0.00","I","999.9","000000"
"94588099999","2020-10-06","-29.6833333","151.7","1045.0","GLEN INNES AIRPORT, AS","  61.7","24","9999.9"," 0","1019.5","24","902.0","24","999.9"," 0","  8.8","24"," 12.0","999.9","  76.1","*","  35.1"," "," 0.00","I","999.9","000000"
"94588099999","2020-10-07","-29.6833333","151.7","1045.0","GLEN INNES AIRPORT, AS","  62.1","24","9999.9"," 0","1017.7","24","900.4","24","999.9"," 0","  6.2","24"," 11.1","999.9","  74.3","*","  49.1"," "," 0.00","I","999.9","000000"
"94588099999","2020-10-08","-29.6833333","151.7","1045.0","GLEN INNES AIRPORT, AS","  61.4","24","9999.9"," 0","1015.0","24","898.0","24","999.9"," 0","  8.5","24"," 19.0","999.9","  75.6","*","  46.4","*"," 0.12","G","999.9","010000"
"94588099999","2020-10-09","-29.6833333","151.7","1045.0","GLEN INNES AIRPORT, AS","  51.1","24","9999.9"," 0","1016.8","24","899.6","24","999.9"," 0","  8.0","24"," 19.0","999.9","  70.5","*","  31.6","*"," 0.00","G","999.9","000000"
"94588099999","2020-10-10","-29.6833333","151.7","1045.0","GLEN INNES AIRPORT, AS","  54.5","24","9999.9"," 0","1019.3","24","901.8","24","999.9"," 0","  6.4","24","  9.9","999.9","  71.8","*","  29.5"," ","99.99"," ","999.9","010000"
"94588099999","2020-10-11","-29.6833333","151.7","1045.0","GLEN INNES AIRPORT, AS","  58.3","24","9999.9"," 0","1020.6","24","903.0","24","999.9"," 0","  8.2","24"," 15.0","999.9","  72.0","*","  38.5"," "," 0.00","I","999.9","000000"
"94588099999","2020-10-12","-29.6833333","151.7","1045.0","GLEN INNES AIRPORT, AS","  57.2","24","9999.9"," 0","1021.2","24","903.6","24","999.9"," 0","  8.3","24"," 12.0","999.9","  68.4","*","  45.7"," "," 0.20","G","999.9","010000"
"94588099999","2020-10-13","-29.6833333","151.7","1045.0","GLEN INNES AIRPORT, AS","  53.1","24","9999.9"," 0","1022.4","24","904.6","24","999.9"," 0","  8.7","24"," 15.0","999.9","  63.5","*","  42.6","*"," 0.08","G","999.9","000000"
"94588099999","2020-10-14","-29.6833333","151.7","1045.0","GLEN INNES AIRPORT, AS","  53.4","24","9999.9"," 0","1022.3","24","904.6","24","999.9"," 0","  8.7","24"," 14.0","999.9","  66.2","*","  40.6","*"," 0.00","G","999.9","000000"
"94588099999","2020-10-15","-29.6833333","151.7","1045.0","GLEN INNES AIRPORT, AS","  55.2","24","9999.9"," 0","1018.5","24","901.1","24","999.9"," 0","  5.0","24","  8.9","999.9","  72.0","*","  36.7","*","99.99"," ","999.9","010000"
"94588099999","2020-10-16","-29.6833333","151.7","1045.0","GLEN INNES AIRPORT, AS","  60.4","24","9999.9"," 0","1017.8","24","900.5","24","999.9"," 0","  8.2","24"," 19.0","999.9","  75.6","*","  35.2"," "," 0.00","I","999.9","000000"
"94588099999","2020-10-17","-29.6833333","151.7","1045.0","GLEN INNES AIRPORT, AS","  60.5","24","9999.9"," 0","1015.1","24","898.1","24","999.9"," 0","  6.7","24"," 18.1","999.9","  76.3","*","  45.0","*","99.99"," ","999.9","010000"
"94588099999","2020-10-18","-29.6833333","151.7","1045.0","GLEN INNES AIRPORT, AS","  55.8","24","9999.9"," 0","1012.8","24","896.1","24","999.9"," 0","  8.5","24"," 15.9","999.9","  72.0","*","  43.9"," "," 0.39","G","999.9","010000"
"94588099999","2020-10-19","-29.6833333","151.7","1045.0","GLEN INNES AIRPORT, AS","  57.3","23","9999.9"," 0","1014.6","23","897.7","23","999.9"," 0","  9.7","23"," 13.0","999.9","  68.9","*","  45.9"," "," 0.00","G","999.9","000000"
"94588099999","2020-10-20","-29.6833333","151.7","1045.0","GLEN INNES AIRPORT, AS","  53.3","17","  48.7","17","1016.0","17","898.9","17","999.9"," 0","  9.2","17"," 13.0","999.9","  66.2","*","  45.5","*"," 0.00","I","999.9","000000"
"94588099999","2020-10-21","-29.6833333","151.7","1045.0","GLEN INNES AIRPORT, AS","  58.8","24","  51.7","24","1014.7","24","897.8","24","999.9"," 0","  7.9","24"," 14.0","999.9","  72.9","*","  51.8","*"," 0.04","G","999.9","010000"
"94588099999","2020-10-22","-29.6833333","151.7","1045.0","GLEN INNES AIRPORT, AS","  59.0","24","  52.8","24","1014.6","24","897.7","24","999.9"," 0","  7.5","24"," 12.0","999.9","  68.7","*","  51.3"," "," 0.01","G","999.9","010000"
"94588099999","2020-10-23","-29.6833333","151.7","1045.0","GLEN INNES AIRPORT, AS","  64.7","24","  56.6","24","1012.6","24","896.0","24","999.9"," 0","  7.4","24"," 12.0","999.9","  74.3","*","  50.9"," "," 0.94","G","999.9","010000"
"94588099999","2020-10-24","-29.6833333","151.7","1045.0","GLEN INNES AIRPORT, AS","  58.7","24","  57.2","24","1009.4","24","893.1","24","999.9"," 0","  9.6","24"," 18.1","999.9","  64.6","*","  54.7","*"," 0.87","G","999.9","010000"
"94588099999","2020-10-25","-29.6833333","151.7","1045.0","GLEN INNES AIRPORT, AS","  58.5","24","  51.8","23","1010.8","24","894.3","24","999.9"," 0","  8.4","24"," 17.1","999.9","  69.6","*","  44.2","*"," 0.00","G","999.9","010000"
"94588099999","2020-10-26","-29.6833333","151.7","1045.0","GLEN INNES AIRPORT, AS","  54.0","24","  43.3","24","1013.9","24","897.1","24","999.9"," 0","  8.6","24"," 19.0","999.9","  68.2","*","  38.7","*"," 0.00","I","999.9","000000"
"94588099999","2020-10-27","-29.6833333","151.7","1045.0","GLEN INNES AIRPORT, AS","  57.0","24","  50.9","24","1015.5","24","898.5","24","999.9"," 0","  8.9","24"," 15.9","999.9","  68.2","*","  38.7"," "," 0.20","G","999.9","010000"
"94588099999","2020-10-28","-29.6833333","151.7","1045.0","GLEN INNES AIRPORT, AS","  56.4","24","  51.2","23","1012.5","24","895.8","24","999.9"," 0","  7.3","24"," 15.0","999.9","  68.2","*","  47.5","*"," 0.20","G","999.9","011000"
"94588099999","2020-10-29","-29.6833333","151.7","1045.0","GLEN INNES AIRPORT, AS","  52.3","24","  40.6","24","1010.2","24","893.8","24","999.9"," 0","  7.8","24"," 16.9","999.9","  68.2"," ","  36.5","*"," 0.00","G","999.9","010000"
"94588099999","2020-10-30","-29.6833333","151.7","1045.0","GLEN INNES AIRPORT, AS","  62.0","24","  44.1","24","1009.0","24","892.7","24","999.9"," 0","  8.0","24"," 14.0","999.9","  75.2","*","  33.6"," "," 0.02","G","999.9","010000"
"94588099999","2020-10-31","-29.6833333","151.7","1045.0","GLEN INNES AIRPORT, AS","  56.5","24","  40.7","24","1011.3","24","894.8","24","999.9"," 0"," 11.2","24"," 23.9","999.9","  69.3","*","  41.4","*"," 0.00","G","999.9","000000"
"94588099999","2020-11-01","-29.6833333","151.7","1045.0","GLEN INNES AIRPORT, AS","  54.9","24","  45.0","24","1017.5","24","901.4","24","999.9"," 0"," 10.2","24"," 15.9","999.9","  67.1","*","  39.2"," ","99.99"," ","999.9","010000"
"94588099999","2020-11-02","-29.6833333","151.7","1045.0","GLEN INNES AIRPORT, AS","  55.6","24","  46.1","24","1021.1","24","904.5","24","999.9"," 0","  9.5","24"," 14.0","999.9","  68.4","*","  40.6"," "," 0.00","I","999.9","000000"
"94588099999","2020-11-03","-29.6833333","151.7","1045.0","GLEN INNES AIRPORT, AS","  58.8","24","  46.9","24","1018.3","24","902.1","24","999.9"," 0","  7.5","24"," 11.1","999.9","  73.2","*","  39.9"," "," 0.00","I","999.9","000000"
"94588099999","2020-11-04","-29.6833333","151.7","1045.0","GLEN INNES AIRPORT, AS","  59.5","24","  46.9","24","1012.1","24","896.6","24","999.9"," 0","  6.7","24"," 13.0","999.9","  75.6","*","  40.5","*"," 0.00","I","999.9","000000"
"94588099999","2020-11-05","-29.6833333","151.7","1045.0","GLEN INNES AIRPORT, AS","  56.4","23","  41.7","23","1009.5","23","894.3","23","999.9"," 0"," 12.0","23"," 27.0","999.9","  77.9","*","  36.7","*"," 0.00","I","999.9","000000"
"94588099999","2020-11-06","-29.6833333","151.7","1045.0","GLEN INNES AIRPORT, AS","  51.6","24","  38.4","24","1014.3","24","898.6","24","999.9"," 0","  6.9","24"," 13.0","999.9","  68.2","*","  33.3","*"," 0.00","I","999.9","000000"
"94588099999","2020-11-07","-29.6833333","151.7","1045.0","GLEN INNES AIRPORT, AS","  58.3","24","  46.1","24","1019.4","24","903.1","24","999.9"," 0"," 10.4","24"," 16.9","999.9","  72.5","*","  33.3"," "," 0.00","I","999.9","000000"
"94588099999","2020-11-08","-29.6833333","151.7","1045.0","GLEN INNES AIRPORT, AS","  54.4","24","  45.9","24","1022.6","24","905.9","24","999.9"," 0"," 11.3","24"," 15.0","999.9","  64.8","*","  46.6","*"," 0.00","I","999.9","000000"
"94588099999","2020-11-09","-29.6833333","151.7","1045.0","GLEN INNES AIRPORT, AS","  56.2","24","  45.3","24","1020.8","24","904.3","24","999.9"," 0","  8.7","24"," 12.0","999.9","  68.0","*","  45.9","*"," 0.00","I","999.9","000000"
"94588099999","2020-11-10","-29.6833333","151.7","1045.0","GLEN INNES AIRPORT, AS","  58.6","24","  47.4","24","1018.5","24","902.3","24","999.9"," 0","  6.5","24"," 11.1","999.9","  73.6","*","  44.6","*"," 0.00","I","999.9","000000"
"94588099999","2020-11-11","-29.6833333","151.7","1045.0","GLEN INNES AIRPORT, AS","  61.8","24","  48.2","24","1015.6","24","899.7","24","999.9"," 0","  7.4","24"," 12.0","999.9","  76.5","*","  42.8"," ","99.99"," ","999.9","010000"
"94588099999","2020-11-12","-29.6833333","151.7","1045.0","GLEN INNES AIRPORT, AS","  64.2","24","  48.7","24","1011.1","24","895.7","24","999.9"," 0","  7.7","24"," 15.9","999.9","  75.4","*","  49.5"," "," 0.20","G","999.9","011000"
"94588099999","2020-11-13","-29.6833333","151.7","1045.0","GLEN INNES AIRPORT, AS","  62.9","24","  54.8","24","1008.3","24","893.3","24","999.9"," 0"," 10.6","24"," 17.1","999.9","  71.6","*","  53.6"," "," 0.16","G","999.9","010000"
"94588099999","2020-11-14","-29.6833333","151.7","1045.0","GLEN INNES AIRPORT, AS","  61.7","24","  44.6","24","1013.0","24","897.4","24","999.9"," 0","  8.7","24"," 15.9","999.9","  79.2","*","  42.8","*"," 0.00","G","999.9","010000"
"94588099999","2020-11-15","-29.6833333","151.7","1045.0","GLEN INNES AIRPORT, AS","  68.4","24","  49.9","24","1017.3","24","901.2","24","999.9"," 0","  6.9","24"," 14.0","999.9","  83.5","*","  40.8"," ","99.99"," ","999.9","010000"
"94588099999","2020-11-16","-29.6833333","151.7","1045.0","GLEN INNES AIRPORT, AS","  73.9","21","  53.6","21","1015.1","21","899.3","21","999.9"," 0","  8.6","21"," 16.9","999.9","  88.2","*","  49.6"," "," 0.01","G","999.9","011000"
"94588099999","2020-11-17","-29.6833333","151.7","1045.0","GLEN INNES AIRPORT, AS","  65.4","24","  54.0","24","1018.4","24","902.2","24","999.9"," 0"," 10.7","24"," 15.0","999.9","  81.0","*","  54.0","*"," 0.00","G","999.9","000000"
"94588099999","2020-11-18","-29.6833333","151.7","1045.0","GLEN INNES AIRPORT, AS","  61.5","24","  52.7","24","1020.6","24","904.1","24","999.9"," 0"," 10.9","24"," 15.0","999.9","  76.6"," ","  53.1","*"," 0.00","A","999.9","000000"
"94588099999","2020-11-19","-29.6833333","151.7","1045.0","GLEN INNES AIRPORT, AS","  65.5","24","  53.2","24","1020.1","24","903.7","24","999.9"," 0","  8.2","24"," 12.0","999.9","  80.1","*","  52.9"," ","99.99"," ","999.9","011000"
"94588099999","2020-11-20","-29.6833333","151.7","1045.0","GLEN INNES AIRPORT, AS","  67.5","24","  53.2","24","1019.7","24","903.4","24","999.9"," 0","  6.2","24"," 14.0","999.9","  83.5","*","  50.2","*"," 0.12","G","999.9","110000"
"94588099999","2020-11-21","-29.6833333","151.7","1045.0","GLEN INNES AIRPORT, AS","  64.9","24","  54.2","24","1019.6","24","903.2","24","999.9"," 0","  7.1","24"," 20.0","999.9","  84.0","*","  48.9"," "," 0.24","G","999.9","011000"
"94588099999","2020-11-22","-29.6833333","151.7","1045.0","GLEN INNES AIRPORT, AS","  68.9","24","  51.6","24","1015.7","24","899.8","24","999.9"," 0","  7.0","24"," 14.0","999.9","  85.1","*","  49.3","*"," 0.00","G","999.9","000000"
"94588099999","2020-11-23","-29.6833333","151.7","1045.0","GLEN INNES AIRPORT, AS","  69.5","24","  50.5","24","1008.9","24","893.8","24","999.9"," 0","  9.2","24"," 18.1","999.9","  84.6","*","  49.1"," "," 0.04","G","999.9","010000"
"94588099999","2020-11-24","-29.6833333","151.7","1045.0","GLEN INNES AIRPORT, AS","  65.1","24","  49.4","24","1009.3","24","894.2","24","999.9"," 0"," 11.7","24"," 19.0","999.9","  85.5","*","  49.8","*"," 0.00","G","999.9","000000"
"94588099999","2020-11-25","-29.6833333","151.7","1045.0","GLEN INNES AIRPORT, AS","  64.4","24","  51.2","24","1011.9","24","896.4","24","999.9"," 0","  8.0","24"," 13.0","999.9","  79.7","*","  49.1"," ","99.99"," ","999.9","010000"
"94588099999","2020-11-26","-29.6833333","151.7","1045.0","GLEN INNES AIRPORT, AS","  68.1","24","  53.6","24","1014.4","24","898.6","24","999.9"," 0","  8.1","24"," 14.0","999.9","  81.5","*","  52.7","*"," 0.00","I","999.9","000000"
"94588099999","2020-11-27","-29.6833333","151.7","1045.0","GLEN INNES AIRPORT, AS","  68.2","24","  50.1","24","1016.4","24","900.4","24","999.9"," 0","  7.3","24"," 11.1","999.9","  83.1","*","  51.1","*","99.99"," ","999.9","011000"
"94588099999","2020-11-28","-29.6833333","151.7","1045.0","GLEN INNES AIRPORT, AS","  69.7","24","  45.3","24","1013.5","24","897.9","24","999.9"," 0","  6.2","24"," 13.0","999.9","  87.6","*","  48.6"," "," 0.00","I","999.9","000000"
"94588099999","2020-11-29","-29.6833333","151.7","1045.0","GLEN INNES AIRPORT, AS","  75.0","24","  47.0","24","1011.1","24","895.7","24","999.9"," 0","  7.8","24"," 16.9","999.9","  89.8","*","  49.3"," "," 0.00","I","999.9","000000"
"94588099999","2020-11-30","-29.6833333","151.7","1045.0","GLEN INNES AIRPORT, AS","  71.1","24","  56.0","24","1013.9","24","898.3","24","999.9"," 0"," 11.3","24"," 15.0","999.9","  92.8","*","  54.9"," "," 0.01","G","999.9","011000"
"94588099999","2020-12-01","-29.6833333","151.7","1045.0","GLEN INNES AIRPORT, AS","  77.5","24","  58.2","24","1013.7","24","898.9","24","999.9"," 0","  8.3","24"," 14.0","999.9","  91.8","*","  58.5"," "," 0.02","G","999.9","011000"
"94588099999","2020-12-02","-29.6833333","151.7","1045.0","GLEN INNES AIRPORT, AS","  73.8","24","  60.4","24","1017.4","24","902.2","24","999.9"," 0"," 12.2","24"," 28.0","999.9","  95.9","*","  62.1"," "," 0.08","G","999.9","011000"
"94588099999","2020-12-03","-29.6833333","151.7","1045.0","GLEN INNES AIRPORT, AS","  66.4","24","  60.8","24","1018.0","24","902.7","24","999.9"," 0","  8.7","24"," 19.0","999.9","  83.3","*","  58.8","*"," 3.62","G","999.9","011000"
"94588099999","2020-12-04","-29.6833333","151.7","1045.0","GLEN INNES AIRPORT, AS","  71.1","24","  59.6","24","1013.3","24","898.5","24","999.9"," 0","  7.7","24"," 14.0","999.9","  84.6","*","  58.6"," "," 0.00","G","999.9","011000"
"94588099999","2020-12-05","-29.6833333","151.7","1045.0","GLEN INNES AIRPORT, AS","  72.9","24","  59.7","24","1008.5","24","894.3","24","999.9"," 0"," 10.7","24"," 22.0","999.9","  86.2","*","  58.6"," "," 0.55","G","999.9","011000"
"94588099999","2020-12-06","-29.6833333","151.7","1045.0","GLEN INNES AIRPORT, AS","  72.3","24","  61.2","24","1007.4","24","893.3","24","999.9"," 0"," 13.5","24"," 21.0","999.9","  83.3","*","  61.7","*"," 0.04","G","999.9","010000"
"94588099999","2020-12-07","-29.6833333","151.7","1045.0","GLEN INNES AIRPORT, AS","  57.9","24","  53.1","24","1007.8","24","893.6","24","999.9"," 0","  7.1","24"," 19.0","999.9","  69.4","*","  51.8","*"," 0.08","G","999.9","010000"
"94588099999","2020-12-08","-29.6833333","151.7","1045.0","GLEN INNES AIRPORT, AS","  54.2","24","  38.1","24","1013.3","24","898.5","24","999.9"," 0","  8.0","24"," 19.0","999.9","  69.8","*","  36.1","*"," 0.00","G","999.9","000000"
"94588099999","2020-12-09","-29.6833333","151.7","1045.0","GLEN INNES AIRPORT, AS","  61.9","24","  47.3","24","1015.9","24","900.9","24","999.9"," 0","  6.2","24"," 11.1","999.9","  74.3","*","  35.8"," "," 0.00","I","999.9","000000"
"94588099999","2020-12-10","-29.6833333","151.7","1045.0","GLEN INNES AIRPORT, AS","  63.9","24","  53.3","24","1017.1","24","901.9","24","999.9"," 0"," 10.1","24"," 15.0","999.9","  76.1","*","  49.6"," "," 0.39","G","999.9","011000"
"94588099999","2020-12-11","-29.6833333","151.7","1045.0","GLEN INNES AIRPORT, AS","  55.9","24","  50.4","24","1019.5","24","904.0","24","999.9"," 0"," 15.5","24"," 26.0","999.9","  61.7","*","  50.4","*"," 0.08","G","999.9","010000"
"94588099999","2020-12-12","-29.6833333","151.7","1045.0","GLEN INNES AIRPORT, AS","  56.0","24","  51.7","24","1017.5","24","902.2","24","999.9"," 0"," 19.7","24"," 26.0","999.9","  63.0","*","  50.2"," "," 0.04","G","999.9","011000"
"94588099999","2020-12-13","-29.6833333","151.7","1045.0","GLEN INNES AIRPORT, AS","  59.1","24","  52.4","24","1013.3","24","898.6","24","999.9"," 0"," 19.2","24"," 26.0","999.9","  66.0","*","  52.2"," "," 0.12","G","999.9","011000"
"94588099999","2020-12-14","-29.6833333","151.7","1045.0","GLEN INNES AIRPORT, AS","  61.3","24","  59.4","24","1009.3","24","895.0","24","999.9"," 0"," 15.8","24"," 25.1","999.9","  68.4","*","  53.8"," "," 0.83","G","999.9","010000"
"94588099999","2020-12-15","-29.6833333","151.7","1045.0","GLEN INNES AIRPORT, AS","  67.1","24","  59.4","24","1010.1","24","895.7","24","999.9"," 0","  8.7","24"," 14.0","999.9","  77.4","*","  59.2"," "," 0.00","G","999.9","011000"
"94588099999","2020-12-16","-29.6833333","151.7","1045.0","GLEN INNES AIRPORT, AS","  68.3","24","  62.2","24","1008.8","24","894.6","24","999.9"," 0","  8.4","24"," 15.0","999.9","  77.4","*","  60.1"," "," 0.12","G","999.9","010000"
"94588099999","2020-12-17","-29.6833333","151.7","1045.0","GLEN INNES AIRPORT, AS","  66.8","24","  64.0","24","1009.0","24","894.8","24","999.9"," 0","  5.9","24"," 12.0","999.9","  75.6","*","  57.2","*"," 0.47","G","999.9","011000"
"94588099999","2020-12-18","-29.6833333","151.7","1045.0","GLEN INNES AIRPORT, AS","  68.6","24","  60.9","24","1010.7","24","896.3","24","999.9"," 0","  7.6","24"," 20.0","999.9","  84.0","*","  53.6","*"," 0.02","G","999.9","010000"
"94588099999","2020-12-19","-29.6833333","151.7","1045.0","GLEN INNES AIRPORT, AS","  72.0","24","  63.8","24","1011.5","24","896.9","24","999.9"," 0","  7.8","24"," 14.0","999.9","  84.2","*","  53.1"," "," 0.00","G","999.9","000000"
"94588099999","2020-12-20","-29.6833333","151.7","1045.0","GLEN INNES AIRPORT, AS","  67.7","24","  64.2","24","1010.0","24","895.6","24","999.9"," 0","  6.1","24"," 15.0","999.9","  74.8","*","  61.7","*"," 0.01","G","999.9","011000"
"94588099999","2020-12-21","-29.6833333","151.7","1045.0","GLEN INNES AIRPORT, AS","  67.6","24","  65.0","24","1006.1","24","892.2","24","999.9"," 0","  8.9","24"," 19.0","999.9","  71.8","*","  60.6"," "," 0.16","G","999.9","010000"
"94588099999","2020-12-22","-29.6833333","151.7","1045.0","GLEN INNES AIRPORT, AS","  60.5","24","  55.1","24","1008.4","24","894.2","24","999.9"," 0"," 10.5","24"," 18.1","999.9","  68.2","*","  52.0","*"," 0.12","G","999.9","011000"
"94588099999","2020-12-23","-29.6833333","151.7","1045.0","GLEN INNES AIRPORT, AS","  61.8","24","  51.2","24","1013.1","24","898.4","24","999.9"," 0","  7.6","24"," 11.1","999.9","  72.0","*","  51.6"," "," 0.00","G","999.9","000000"
"94588099999","2020-12-24","-29.6833333","151.7","1045.0","GLEN INNES AIRPORT, AS","  61.0","24","  54.1","24","1013.8","24","899.0","24","999.9"," 0","  4.9","24"," 11.1","999.9","  71.1","*","  45.9","*"," 0.02","G","999.9","011000"
"94588099999","2020-12-25","-29.6833333","151.7","1045.0","GLEN INNES AIRPORT, AS","  64.0","24","  55.0","24","1015.1","24","900.1","24","999.9"," 0","  9.2","24"," 17.1","999.9","  75.4","*","  44.6"," "," 0.00","G","999.9","000000"
"94588099999","2020-12-26","-29.6833333","151.7","1045.0","GLEN INNES AIRPORT, AS","  62.0","24","  54.5","24","1015.1","24","900.2","24","999.9"," 0","  7.8","24"," 11.1","999.9","  70.5","*","  51.8","*"," 0.00","I","999.9","000000"
"94588099999","2020-12-27","-29.6833333","151.7","1045.0","GLEN INNES AIRPORT, AS","  62.9","24","  53.2","23","1012.1","24","897.5","24","999.9"," 0","  5.8","24"," 11.1","999.9","  74.3","*","  50.7","*","99.99"," ","999.9","010000"
"94588099999","2020-12-28","-29.6833333","151.7","1045.0","GLEN INNES AIRPORT, AS","  64.2","24","  56.7","24","1011.1","24","896.6","24","999.9"," 0","  6.8","24"," 14.0","999.9","  71.1","*","  49.8"," "," 0.08","G","999.9","011000"
"94588099999","2020-12-29","-29.6833333","151.7","1045.0","GLEN INNES AIRPORT, AS","  64.8","24","  58.3","24","1012.2","24","897.5","24","999.9"," 0"," 10.6","24"," 16.9","999.9","  77.0","*","  56.1"," "," 0.01","G","999.9","010000"
"94588099999","2020-12-30","-29.6833333","151.7","1045.0","GLEN INNES AIRPORT, AS","  64.2","24","  58.7","24","1013.4","24","898.7","24","999.9"," 0"," 11.1","24"," 14.0","999.9","  74.5","*","  57.6","*"," 0.00","G","999.9","000000"
"94588099999","2020-12-31","-29.6833333","151.7","1045.0","GLEN INNES AIRPORT, AS","  64.2","24","  58.0","24","1014.2","24","899.3","24","999.9"," 0"," 13.1","24"," 15.9","999.9","  72.5","*","  56.5"," "," 0.02","G","999.9","010000"
