"STATION","DATE","LATITUDE","LONGITUDE","ELEVATION","NAME","TEMP","TEMP_ATTRIBUTES","DEWP","DEWP_ATTRIBUTES","SLP","SLP_ATTRIBUTES","STP","STP_ATTRIBUTES","VISIB","VISIB_ATTRIBUTES","WDSP","WDSP_ATTRIBUTES","MXSPD","GUST","MAX","MAX_ATTRIBUTES","MIN","MIN_ATTRIBUTES","PRCP","PRCP_ATTRIBUTES","SNDP","FRSHTT"
"99800499999","2020-01-01","41.6333333","-71.3333333","13.0","NARRAGANSETT BAY RESERVE, RI US","  38.7","24","  28.3","24","1003.0","24","999.9"," 0","999.9"," 0","  7.6","24"," 11.1","999.9","  42.8","*","  35.6","*"," 0.10","G","999.9","000000"
"99800499999","2020-01-02","41.6333333","-71.3333333","13.0","NARRAGANSETT BAY RESERVE, RI US","  37.3","24","  25.3","24","1011.7","24","999.9"," 0","999.9"," 0","  7.5","24"," 11.1","999.9","  46.6","*","  32.2","*"," 0.00","I","999.9","000000"
"99800499999","2020-01-03","41.6333333","-71.3333333","13.0","NARRAGANSETT BAY RESERVE, RI US","  44.3","24","  39.5","24","1009.5","24","999.9"," 0","999.9"," 0","  5.6","24","  8.9","999.9","  46.6","*","  42.8","*"," 0.00","G","999.9","000000"
"99800499999","2020-01-04","41.6333333","-71.3333333","13.0","NARRAGANSETT BAY RESERVE, RI US","  43.7","24","  43.1","24","1005.9","24","999.9"," 0","999.9"," 0","  2.6","24","  4.1","999.9","  44.6","*","  42.6","*"," 0.00","I","999.9","000000"
"99800499999","2020-01-05","41.6333333","-71.3333333","13.0","NARRAGANSETT BAY RESERVE, RI US","  38.7","24","  31.4","24","1001.9","24","999.9"," 0","999.9"," 0","  9.3","24"," 13.0","999.9","  43.3","*","  34.7","*"," 0.09","G","999.9","000000"
"99800499999","2020-01-06","41.6333333","-71.3333333","13.0","NARRAGANSETT BAY RESERVE, RI US","  32.3","24","  23.6","24","1013.2","24","999.9"," 0","999.9"," 0","  4.2","24","  8.9","999.9","  38.1","*","  26.4","*"," 0.00","G","999.9","000000"
"99800499999","2020-01-07","41.6333333","-71.3333333","13.0","NARRAGANSETT BAY RESERVE, RI US","  37.0","24","  25.3","24","1016.3","24","999.9"," 0","999.9"," 0","  4.7","24","  8.9","999.9","  41.9","*","  32.5","*"," 0.00","G","999.9","000000"
"99800499999","2020-01-08","41.6333333","-71.3333333","13.0","NARRAGANSETT BAY RESERVE, RI US","  34.6","24","  30.1","24","1010.7","24","999.9"," 0","999.9"," 0","  6.9","24"," 12.0","999.9","  41.7","*","  30.7","*"," 0.02","G","999.9","000000"
"99800499999","2020-01-09","41.6333333","-71.3333333","13.0","NARRAGANSETT BAY RESERVE, RI US","  27.1","24","   7.1","24","1031.4","24","999.9"," 0","999.9"," 0","  9.4","24"," 15.0","999.9","  33.3","*","  21.0","*"," 0.05","G","999.9","000000"
"99800499999","2020-01-10","41.6333333","-71.3333333","13.0","NARRAGANSETT BAY RESERVE, RI US","  37.6","24","  28.7","24","1036.1","24","999.9"," 0","999.9"," 0","  6.0","24","  9.9","999.9","  48.2","*","  25.2","*"," 0.00","G","999.9","000000"
"99800499999","2020-01-11","41.6333333","-71.3333333","13.0","NARRAGANSETT BAY RESERVE, RI US","  49.9","21","  47.1","21","1026.7","21","999.9"," 0","999.9"," 0","  9.5","21"," 17.1","999.9","  57.9","*","  44.1","*"," 0.00","G","999.9","000000"
"99800499999","2020-01-12","41.6333333","-71.3333333","13.0","NARRAGANSETT BAY RESERVE, RI US","  57.7","24","  51.3","24","1014.8","24","999.9"," 0","999.9"," 0"," 12.8","24"," 18.1","999.9","  67.8","*","  51.4","*"," 0.00","G","999.9","000000"
"99800499999","2020-01-13","41.6333333","-71.3333333","13.0","NARRAGANSETT BAY RESERVE, RI US","  41.7","22","  33.5","22","1030.2","22","999.9"," 0","999.9"," 0","  6.8","22"," 13.0","999.9","  54.1","*","  38.3","*"," 0.08","G","999.9","000000"
"99800499999","2020-01-14","41.6333333","-71.3333333","13.0","NARRAGANSETT BAY RESERVE, RI US","  38.9","24","  36.3","24","1027.0","24","999.9"," 0","999.9"," 0","  3.1","24","  6.0","999.9","  40.6","*","  34.7","*"," 0.00","G","999.9","000000"
"99800499999","2020-01-15","41.6333333","-71.3333333","13.0","NARRAGANSETT BAY RESERVE, RI US","  42.9","24","  35.5","24","1019.8","24","999.9"," 0","999.9"," 0","  3.8","24","  8.9","999.9","  51.6","*","  38.5","*"," 0.00","I","999.9","000000"
"99800499999","2020-01-16","41.6333333","-71.3333333","13.0","NARRAGANSETT BAY RESERVE, RI US","  40.0","24","  33.0","24","1012.3","24","999.9"," 0","999.9"," 0","  6.7","24"," 15.9","999.9","  47.8","*","  33.4","*"," 0.00","G","999.9","000000"
"99800499999","2020-01-17","41.6333333","-71.3333333","13.0","NARRAGANSETT BAY RESERVE, RI US","  25.5","24","   6.4","24","1025.9","24","999.9"," 0","999.9"," 0"," 12.9","24"," 19.0","999.9","  36.1","*","  18.7","*"," 0.02","G","999.9","000000"
"99800499999","2020-01-18","41.6333333","-71.3333333","13.0","NARRAGANSETT BAY RESERVE, RI US","  18.3","24","   2.0","24","1033.3","24","999.9"," 0","999.9"," 0","  5.1","24"," 11.1","999.9","  24.8","*","  14.4","*"," 0.00","G","999.9","000000"
"99800499999","2020-01-19","41.6333333","-71.3333333","13.0","NARRAGANSETT BAY RESERVE, RI US","  38.5","24","  32.3","24","1006.8","24","999.9"," 0","999.9"," 0","  5.9","24","  8.9","999.9","  46.9","*","  26.1","*"," 0.24","G","999.9","000000"
"99800499999","2020-01-20","41.6333333","-71.3333333","13.0","NARRAGANSETT BAY RESERVE, RI US","  25.5","24","   9.4","24","1017.5","24","999.9"," 0","999.9"," 0","  8.9","24"," 14.0","999.9","  35.2","*","  17.4","*"," 0.00","G","999.9","000000"
"99800499999","2020-01-21","41.6333333","-71.3333333","13.0","NARRAGANSETT BAY RESERVE, RI US","  22.2","24","   3.8","24","1028.4","24","999.9"," 0","999.9"," 0","  6.4","24"," 12.0","999.9","  28.4","*","  16.2","*"," 0.00","I","999.9","000000"
"99800499999","2020-01-22","41.6333333","-71.3333333","13.0","NARRAGANSETT BAY RESERVE, RI US","  24.3","24","  11.2","24","1030.5","24","999.9"," 0","999.9"," 0","  2.4","24","  4.1","999.9","  36.1","*","  15.4","*"," 0.00","I","999.9","000000"
"99800499999","2020-01-23","41.6333333","-71.3333333","13.0","NARRAGANSETT BAY RESERVE, RI US","  33.1","24","  23.9","24","1029.0","24","999.9"," 0","999.9"," 0","  4.5","24","  8.0","999.9","  45.1","*","  25.3","*"," 0.00","I","999.9","000000"
"99800499999","2020-01-24","41.6333333","-71.3333333","13.0","NARRAGANSETT BAY RESERVE, RI US","  37.3","24","  28.3","24","1028.3","24","999.9"," 0","999.9"," 0","  4.5","24","  8.0","999.9","  46.8","*","  30.4","*"," 0.00","G","999.9","000000"
"99800499999","2020-01-25","41.6333333","-71.3333333","13.0","NARRAGANSETT BAY RESERVE, RI US","  38.7","24","  36.8","24","1023.1","24","999.9"," 0","999.9"," 0","  9.0","24"," 13.0","999.9","  45.3","*","  33.6","*"," 0.00","G","999.9","000000"
"99800499999","2020-01-26","41.6333333","-71.3333333","13.0","NARRAGANSETT BAY RESERVE, RI US","  45.1","24","  38.8","24","1006.3","24","999.9"," 0","999.9"," 0","  7.0","24"," 13.0","999.9","  50.5","*","  39.7","*"," 0.00","I","999.9","000000"
"99800499999","2020-01-27","41.6333333","-71.3333333","13.0","NARRAGANSETT BAY RESERVE, RI US","  39.3","24","  29.6","24","1004.3","24","999.9"," 0","999.9"," 0","  6.2","24","  8.9","999.9","  46.8","*","  34.7","*"," 0.00","I","999.9","000000"
"99800499999","2020-01-28","41.6333333","-71.3333333","13.0","NARRAGANSETT BAY RESERVE, RI US","  38.9","24","  27.0","24","1005.9","24","999.9"," 0","999.9"," 0","  5.9","24","  9.9","999.9","  41.9","*","  36.9","*"," 0.00","G","999.9","000000"
"99800499999","2020-01-29","41.6333333","-71.3333333","13.0","NARRAGANSETT BAY RESERVE, RI US","  35.6","24","  19.5","24","1014.0","24","999.9"," 0","999.9"," 0","  8.0","24"," 12.0","999.9","  40.6","*","  31.3","*"," 0.00","I","999.9","000000"
"99800499999","2020-01-30","41.6333333","-71.3333333","13.0","NARRAGANSETT BAY RESERVE, RI US","  29.5","24","  12.8","24","1024.3","24","999.9"," 0","999.9"," 0","  7.9","24"," 13.0","999.9","  35.2","*","  23.2","*"," 0.00","G","999.9","000000"
"99800499999","2020-01-31","41.6333333","-71.3333333","13.0","NARRAGANSETT BAY RESERVE, RI US","  32.9","24","  23.5","24","1027.2","24","999.9"," 0","999.9"," 0","  4.1","24","  7.0","999.9","  42.6","*","  25.9","*"," 0.00","I","999.9","000000"
"99800499999","2020-02-01","41.6333333","-71.3333333","13.0","NARRAGANSETT BAY RESERVE, RI US","  36.0","24","  33.7","24","1016.9","24","999.9"," 0","999.9"," 0","  2.5","24","  6.0","999.9","  39.6","*","  30.9","*"," 0.00","I","999.9","000000"
"99800499999","2020-02-02","41.6333333","-71.3333333","13.0","NARRAGANSETT BAY RESERVE, RI US","  38.2","23","  30.8","23","1001.2","23","999.9"," 0","999.9"," 0","  3.6","23","  6.0","999.9","  43.3","*","  35.4","*"," 0.00","I","999.9","000000"
"99800499999","2020-02-03","41.6333333","-71.3333333","13.0","NARRAGANSETT BAY RESERVE, RI US","  38.3","24","  30.1","24","1005.2","24","999.9"," 0","999.9"," 0","  4.1","24","  8.0","999.9","  48.2","*","  30.6","*"," 0.00","I","999.9","000000"
"99800499999","2020-02-04","41.6333333","-71.3333333","13.0","NARRAGANSETT BAY RESERVE, RI US","  38.4","23","  34.2","23","1010.6","23","999.9"," 0","999.9"," 0","  3.8","23","  7.0","999.9","  44.6","*","  32.2","*"," 0.00","I","999.9","000000"
"99800499999","2020-02-05","41.6333333","-71.3333333","13.0","NARRAGANSETT BAY RESERVE, RI US","  39.6","24","  36.1","24","1013.1","24","999.9"," 0","999.9"," 0","  4.2","24","  8.9","999.9","  41.4","*","  35.6","*"," 0.00","G","999.9","000000"
"99800499999","2020-02-06","41.6333333","-71.3333333","13.0","NARRAGANSETT BAY RESERVE, RI US","  37.3","24","  34.1","24","1010.0","24","999.9"," 0","999.9"," 0","  6.6","24"," 11.1","999.9","  39.6","*","  34.9","*"," 0.10","G","999.9","000000"
"99800499999","2020-02-07","41.6333333","-71.3333333","13.0","NARRAGANSETT BAY RESERVE, RI US","  41.0","24","  39.5","24"," 990.5","22","999.9"," 0","999.9"," 0"," 11.4","24"," 26.0","999.9","  54.1","*","  35.8","*"," 0.00","G","999.9","000000"
"99800499999","2020-02-08","41.6333333","-71.3333333","13.0","NARRAGANSETT BAY RESERVE, RI US","  31.9","24","  16.1","24","1011.6","24","999.9"," 0","999.9"," 0"," 10.9","24"," 15.0","999.9","  38.7","*","  25.7","*"," 0.31","G","999.9","000000"
"99800499999","2020-02-09","41.6333333","-71.3333333","13.0","NARRAGANSETT BAY RESERVE, RI US","  30.0","24","  19.0","24","1032.2","24","999.9"," 0","999.9"," 0","  5.3","24","  9.9","999.9","  36.3","*","  23.4","*"," 0.00","G","999.9","000000"
"99800499999","2020-02-10","41.6333333","-71.3333333","13.0","NARRAGANSETT BAY RESERVE, RI US","  42.5","24","  37.8","24","1024.5","24","999.9"," 0","999.9"," 0","  8.7","24"," 15.0","999.9","  46.0","*","  36.3","*"," 0.00","I","999.9","000000"
"99800499999","2020-02-11","41.6333333","-71.3333333","13.0","NARRAGANSETT BAY RESERVE, RI US","  41.8","24","  41.6","24","1016.0","24","999.9"," 0","999.9"," 0","  3.8","24","  7.0","999.9","  43.2","*","  40.8","*"," 0.00","I","999.9","000000"
"99800499999","2020-02-12","41.6333333","-71.3333333","13.0","NARRAGANSETT BAY RESERVE, RI US","  40.0","24","  27.6","24","1016.1","24","999.9"," 0","999.9"," 0","  5.9","24","  9.9","999.9","  45.1","*","  36.5","*"," 0.00","I","999.9","000000"
"99800499999","2020-02-13","41.6333333","-71.3333333","13.0","NARRAGANSETT BAY RESERVE, RI US","  38.1","24","  35.2","24","1009.6","24","999.9"," 0","999.9"," 0","  4.2","24","  9.9","999.9","  40.6","*","  35.4","*"," 0.00","I","999.9","000000"
"99800499999","2020-02-14","41.6333333","-71.3333333","13.0","NARRAGANSETT BAY RESERVE, RI US","  33.1","24","  23.1","24","1016.8","24","999.9"," 0","999.9"," 0","  8.8","24"," 15.0","999.9","  37.9","*","  23.9","*"," 0.68","G","999.9","000000"
"99800499999","2020-02-15","41.6333333","-71.3333333","13.0","NARRAGANSETT BAY RESERVE, RI US","  18.5","24","   3.7","24","1035.1","24","999.9"," 0","999.9"," 0","  7.1","24"," 15.0","999.9","  26.4","*","  10.8","*"," 0.00","G","999.9","000000"
"99800499999","2020-02-16","41.6333333","-71.3333333","13.0","NARRAGANSETT BAY RESERVE, RI US","  34.8","24","  24.9","24","1023.6","24","999.9"," 0","999.9"," 0","  8.7","24"," 13.0","999.9","  40.8","*","  24.4","*"," 0.00","I","999.9","000000"
"99800499999","2020-02-17","41.6333333","-71.3333333","13.0","NARRAGANSETT BAY RESERVE, RI US","  38.0","24","  25.3","24","1021.7","24","999.9"," 0","999.9"," 0","  3.6","24","  5.1","999.9","  50.2","*","  28.8","*"," 0.00","G","999.9","000000"
"99800499999","2020-02-18","41.6333333","-71.3333333","13.0","NARRAGANSETT BAY RESERVE, RI US","  35.8","24","  27.9","24","1027.8","24","999.9"," 0","999.9"," 0","  6.5","24","  9.9","999.9","  41.2","*","  30.6","*"," 0.00","I","999.9","000000"
"99800499999","2020-02-19","41.6333333","-71.3333333","13.0","NARRAGANSETT BAY RESERVE, RI US","  40.9","24","  28.7","24","1017.7","24","999.9"," 0","999.9"," 0","  6.3","24"," 12.0","999.9","  46.9","*","  37.0","*"," 0.00","I","999.9","000000"
"99800499999","2020-02-20","41.6333333","-71.3333333","13.0","NARRAGANSETT BAY RESERVE, RI US","  31.9","16","   9.0","16","1028.9","16","999.9"," 0","999.9"," 0","  5.5","16","  8.0","999.9","  36.1","*","  24.6","*"," 0.00","G","999.9","000000"
"99800499999","2020-02-21","41.6333333","-71.3333333","13.0","NARRAGANSETT BAY RESERVE, RI US","  24.9","24","   6.2","24","1030.3","24","999.9"," 0","999.9"," 0","  8.2","24"," 17.1","999.9","  30.2","*","  18.1","*"," 0.00","I","999.9","000000"
"99800499999","2020-02-22","41.6333333","-71.3333333","13.0","NARRAGANSETT BAY RESERVE, RI US","  34.6","24","  14.1","24","1023.5","24","999.9"," 0","999.9"," 0","  7.2","24","  8.9","999.9","  47.7","*","  27.3","*"," 0.00","I","999.9","000000"
"99800499999","2020-02-23","41.6333333","-71.3333333","13.0","NARRAGANSETT BAY RESERVE, RI US","  39.0","24","  23.1","24","1021.2","24","999.9"," 0","999.9"," 0","  5.8","24","  9.9","999.9","  51.3","*","  30.7","*"," 0.00","G","999.9","000000"
"99800499999","2020-02-24","41.6333333","-71.3333333","13.0","NARRAGANSETT BAY RESERVE, RI US","  42.4","24","  35.4","24","1018.1","24","999.9"," 0","999.9"," 0","  5.7","24","  8.0","999.9","  53.1","*","  35.2","*"," 0.00","I","999.9","000000"
"99800499999","2020-02-25","41.6333333","-71.3333333","13.0","NARRAGANSETT BAY RESERVE, RI US","  44.6","24","  42.0","24","1013.5","24","999.9"," 0","999.9"," 0","  4.0","24","  6.0","999.9","  50.4","*","  41.0","*"," 0.00","I","999.9","000000"
"99800499999","2020-02-26","41.6333333","-71.3333333","13.0","NARRAGANSETT BAY RESERVE, RI US","  44.6","24","  42.7","24","1013.9","24","999.9"," 0","999.9"," 0","  5.0","24","  9.9","999.9","  50.7","*","  42.3","*"," 0.00","I","999.9","000000"
"99800499999","2020-02-27","41.6333333","-71.3333333","13.0","NARRAGANSETT BAY RESERVE, RI US","  44.4","24","  38.2","24","1000.0","24","999.9"," 0","999.9"," 0"," 11.2","24"," 18.1","999.9","  49.3","*","  38.7","*"," 0.02","G","999.9","000000"
"99800499999","2020-02-28","41.6333333","-71.3333333","13.0","NARRAGANSETT BAY RESERVE, RI US","  33.7","24","  11.2","24","1007.0","24","999.9"," 0","999.9"," 0"," 11.7","24"," 15.0","999.9","  38.5","*","  28.9","*"," 0.00","G","999.9","000000"
"99800499999","2020-02-29","41.6333333","-71.3333333","13.0","NARRAGANSETT BAY RESERVE, RI US","  32.3","24","  10.7","24","1009.2","24","999.9"," 0","999.9"," 0","  6.2","24","  9.9","999.9","  37.6","*","  27.3","*"," 0.00","I","999.9","000000"
"99800499999","2020-03-01","41.6333333","-71.3333333","13.0","NARRAGANSETT BAY RESERVE, RI US","  29.0","18","   8.1","18","1016.6","18","999.9"," 0","999.9"," 0","  6.9","18","  8.9","999.9","  36.5","*","  20.3","*"," 0.00","I","999.9","000000"
"99800499999","2020-03-02","41.6333333","-71.3333333","13.0","NARRAGANSETT BAY RESERVE, RI US","  36.5","24","  23.8","24","1018.8","24","999.9"," 0","999.9"," 0","  5.7","24"," 11.1","999.9","  49.6","*","  25.9","*"," 0.00","G","999.9","000000"
"99800499999","2020-03-03","41.6333333","-71.3333333","13.0","NARRAGANSETT BAY RESERVE, RI US","  48.4","24","  41.8","24","1007.8","24","999.9"," 0","999.9"," 0","  7.1","24"," 12.0","999.9","  55.8","*","  43.3","*"," 0.00","I","999.9","000000"
"99800499999","2020-03-04","41.6333333","-71.3333333","13.0","NARRAGANSETT BAY RESERVE, RI US","  48.2","24","  35.7","24","1000.5","24","999.9"," 0","999.9"," 0","  9.9","24"," 15.0","999.9","  53.6","*","  43.3","*"," 0.00","I","999.9","000000"
"99800499999","2020-03-05","41.6333333","-71.3333333","13.0","NARRAGANSETT BAY RESERVE, RI US","  45.1","24","  25.3","24","1014.5","24","999.9"," 0","999.9"," 0","  5.8","24","  8.0","999.9","  54.1","*","  37.4","*"," 0.00","I","999.9","000000"
"99800499999","2020-03-06","41.6333333","-71.3333333","13.0","NARRAGANSETT BAY RESERVE, RI US","  40.2","24","  29.7","24","1015.8","24","999.9"," 0","999.9"," 0","  6.8","24"," 19.0","999.9","  48.9","*","  32.4","*"," 0.00","I","999.9","000000"
"99800499999","2020-03-07","41.6333333","-71.3333333","13.0","NARRAGANSETT BAY RESERVE, RI US","  36.8","24","  22.4","24","1014.5","24","999.9"," 0","999.9"," 0"," 18.5","24"," 25.1","999.9","  45.1","*","  31.3","*"," 0.00","I","999.9","000000"
"99800499999","2020-03-08","41.6333333","-71.3333333","13.0","NARRAGANSETT BAY RESERVE, RI US","  41.4","24","  10.9","24","1026.9","24","999.9"," 0","999.9"," 0","  5.7","24","  9.9","999.9","  57.6","*","  30.7","*"," 0.00","I","999.9","000000"
"99800499999","2020-03-09","41.6333333","-71.3333333","13.0","NARRAGANSETT BAY RESERVE, RI US","  48.8","24","  33.6","24","1025.4","24","999.9"," 0","999.9"," 0","  7.0","24","  9.9","999.9","  61.5","*","  41.4","*"," 0.00","I","999.9","000000"
"99800499999","2020-03-10","41.6333333","-71.3333333","13.0","NARRAGANSETT BAY RESERVE, RI US","  50.4","24","  40.5","24","1019.4","24","999.9"," 0","999.9"," 0","  7.2","24","  9.9","999.9","  58.5","*","  44.1","*"," 0.00","I","999.9","000000"
"99800499999","2020-03-11","41.6333333","-71.3333333","13.0","NARRAGANSETT BAY RESERVE, RI US","  50.7","19","  39.5","19","1015.4","19","999.9"," 0","999.9"," 0","  5.6","19","  8.9","999.9","  55.6","*","  43.3","*"," 0.00","G","999.9","000000"
"99800499999","2020-03-12","41.6333333","-71.3333333","13.0","NARRAGANSETT BAY RESERVE, RI US","  41.4","24","  35.3","24","1021.8","24","999.9"," 0","999.9"," 0","  3.9","24","  8.9","999.9","  49.3","*","  35.1","*"," 0.00","I","999.9","000000"
"99800499999","2020-03-13","41.6333333","-71.3333333","13.0","NARRAGANSETT BAY RESERVE, RI US","  47.2","19","  44.2","19","1015.5","19","999.9"," 0","999.9"," 0","  8.5","19"," 14.0","999.9","  54.0","*","  42.1","*"," 0.00","I","999.9","000000"
"99800499999","2020-03-14","41.6333333","-71.3333333","13.0","NARRAGANSETT BAY RESERVE, RI US","  48.7","14","  26.0","14","1022.4","14","999.9"," 0","999.9"," 0","  9.2","14"," 12.0","999.9","  53.8","*","  41.4","*"," 0.00","I","999.9","000000"
"99800499999","2020-03-15","41.6333333","-71.3333333","13.0","NARRAGANSETT BAY RESERVE, RI US","  44.2","24","  22.0","24","1028.5","24","999.9"," 0","999.9"," 0","  6.3","24","  8.9","999.9","  50.9","*","  39.6","*"," 0.00","I","999.9","000000"
"99800499999","2020-03-16","41.6333333","-71.3333333","13.0","NARRAGANSETT BAY RESERVE, RI US","  35.3","24","  19.8","24","1035.7","24","999.9"," 0","999.9"," 0","  8.3","24"," 15.0","999.9","  41.0","*","  28.8","*"," 0.00","I","999.9","000000"
"99800499999","2020-03-17","41.6333333","-71.3333333","13.0","NARRAGANSETT BAY RESERVE, RI US","  38.6","24","  34.3","24","1025.8","24","999.9"," 0","999.9"," 0","  3.9","24","  6.0","999.9","  45.3","*","  33.6","*"," 0.00","G","999.9","000000"
"99800499999","2020-03-18","41.6333333","-71.3333333","13.0","NARRAGANSETT BAY RESERVE, RI US","  43.8","24","  29.0","24","1027.9","24","999.9"," 0","999.9"," 0","  5.1","24","  8.0","999.9","  50.7","*","  35.8","*"," 0.00","I","999.9","000000"
"99800499999","2020-03-19","41.6333333","-71.3333333","13.0","NARRAGANSETT BAY RESERVE, RI US","  43.6","24","  40.2","24","1027.5","24","999.9"," 0","999.9"," 0","  7.8","24"," 15.0","999.9","  47.3","*","  41.5","*"," 0.00","I","999.9","000000"
"99800499999","2020-03-20","41.6333333","-71.3333333","13.0","NARRAGANSETT BAY RESERVE, RI US","  46.2","24","  44.9","24","1016.5","24","999.9"," 0","999.9"," 0","  6.0","24"," 11.1","999.9","  54.7","*","  41.5","*"," 0.78","G","999.9","000000"
"99800499999","2020-03-21","41.6333333","-71.3333333","13.0","NARRAGANSETT BAY RESERVE, RI US","  49.5","24","  31.9","24","1019.2","24","999.9"," 0","999.9"," 0","  8.4","24"," 14.0","999.9","  59.9","*","  43.3","*"," 0.00","G","999.9","000000"
"99800499999","2020-03-22","41.6333333","-71.3333333","13.0","NARRAGANSETT BAY RESERVE, RI US","  35.8","24","  18.6","24","1035.8","24","999.9"," 0","999.9"," 0","  9.6","24"," 15.9","999.9","  41.0","*","  29.7","*"," 0.00","I","999.9","000000"
"99800499999","2020-03-23","41.6333333","-71.3333333","13.0","NARRAGANSETT BAY RESERVE, RI US","  34.8","24","  25.6","24","1035.1","24","999.9"," 0","999.9"," 0","  7.3","24"," 15.0","999.9","  41.2","*","  30.7","*"," 0.00","I","999.9","000000"
"99800499999","2020-03-24","41.6333333","-71.3333333","13.0","NARRAGANSETT BAY RESERVE, RI US","  42.9","24","  38.1","24","1015.5","24","999.9"," 0","999.9"," 0"," 11.7","24"," 19.0","999.9","  52.5","*","  35.4","*"," 1.31","G","999.9","000000"
"99800499999","2020-03-25","41.6333333","-71.3333333","13.0","NARRAGANSETT BAY RESERVE, RI US","  41.7","24","  34.8","24","1021.1","24","999.9"," 0","999.9"," 0","  8.4","24"," 15.9","999.9","  45.9","*","  38.8","*"," 0.01","G","999.9","000000"
"99800499999","2020-03-26","41.6333333","-71.3333333","13.0","NARRAGANSETT BAY RESERVE, RI US","  42.5","24","  32.4","24","1015.2","24","999.9"," 0","999.9"," 0"," 11.7","24"," 17.1","999.9","  53.6","*","  35.1","*"," 0.00","G","999.9","000000"
"99800499999","2020-03-27","41.6333333","-71.3333333","13.0","NARRAGANSETT BAY RESERVE, RI US","  51.1","24","  36.2","24","1008.8","24","999.9"," 0","999.9"," 0","  7.7","24"," 12.0","999.9","  64.4","*","  42.8","*"," 0.00","G","999.9","000000"
"99800499999","2020-03-28","41.6333333","-71.3333333","13.0","NARRAGANSETT BAY RESERVE, RI US","  44.6","24","  29.2","24","1020.0","24","999.9"," 0","999.9"," 0","  3.5","24","  8.0","999.9","  52.5","*","  34.5","*"," 0.00","G","999.9","000000"
"99800499999","2020-03-29","41.6333333","-71.3333333","13.0","NARRAGANSETT BAY RESERVE, RI US","  44.2","24","  43.5","24","1019.5","24","999.9"," 0","999.9"," 0","  9.4","24"," 13.0","999.9","  45.3","*","  42.6","*"," 0.00","I","999.9","000000"
"99800499999","2020-03-30","41.6333333","-71.3333333","13.0","NARRAGANSETT BAY RESERVE, RI US","  42.9","24","  41.0","24","1013.6","24","999.9"," 0","999.9"," 0"," 15.0","24"," 19.0","999.9","  46.6","*","  41.4","*"," 0.00","I","999.9","000000"
"99800499999","2020-03-31","41.6333333","-71.3333333","13.0","NARRAGANSETT BAY RESERVE, RI US","  41.1","24","  34.4","24","1016.5","24","999.9"," 0","999.9"," 0"," 12.2","24"," 15.9","999.9","  46.8","*","  37.8","*"," 0.00","I","999.9","000000"
"99800499999","2020-04-01","41.6333333","-71.3333333","13.0","NARRAGANSETT BAY RESERVE, RI US","  38.3","24","  32.1","24","1011.0","24","999.9"," 0","999.9"," 0"," 13.0","24"," 19.0","999.9","  43.7","*","  33.1","*"," 0.00","I","999.9","000000"
"99800499999","2020-04-02","41.6333333","-71.3333333","13.0","NARRAGANSETT BAY RESERVE, RI US","  43.1","19","  34.2","19","1002.5","19","999.9"," 0","999.9"," 0"," 10.5","19"," 15.9","999.9","  50.0","*","  39.4","*"," 0.00","I","999.9","000000"
"99800499999","2020-04-03","41.6333333","-71.3333333","13.0","NARRAGANSETT BAY RESERVE, RI US","  43.4","24","  41.7","24"," 999.3","24","999.9"," 0","999.9"," 0"," 19.4","24"," 28.9","999.9","  45.1","*","  40.3","*"," 0.00","I","999.9","000000"
"99800499999","2020-04-04","41.6333333","-71.3333333","13.0","NARRAGANSETT BAY RESERVE, RI US","  44.3","24","  40.4","24","1013.5","24","999.9"," 0","999.9"," 0"," 17.7","24"," 24.1","999.9","  51.8","*","  40.6","*"," 0.00","I","999.9","000000"
"99800499999","2020-04-05","41.6333333","-71.3333333","13.0","NARRAGANSETT BAY RESERVE, RI US","  42.9","24","  37.6","24","1017.7","24","999.9"," 0","999.9"," 0","  4.0","24","  8.9","999.9","  50.0","*","  34.5","*"," 0.00","G","999.9","000000"
"99800499999","2020-04-06","41.6333333","-71.3333333","13.0","NARRAGANSETT BAY RESERVE, RI US","  48.5","23","  38.1","23","1015.4","23","999.9"," 0","999.9"," 0","  6.5","23"," 12.0","999.9","  60.1","*","  40.1","*"," 0.00","G","999.9","000000"
"99800499999","2020-04-07","41.6333333","-71.3333333","13.0","NARRAGANSETT BAY RESERVE, RI US","  52.7","24","  31.1","24","1011.7","24","999.9"," 0","999.9"," 0","  5.9","24"," 11.1","999.9","  67.1","*","  41.7","*"," 0.00","G","999.9","000000"
"99800499999","2020-04-08","41.6333333","-71.3333333","13.0","NARRAGANSETT BAY RESERVE, RI US","  48.4","23","  40.2","23","1002.5","23","999.9"," 0","999.9"," 0","  4.9","23"," 12.0","999.9","  52.7","*","  44.8","*"," 0.00","I","999.9","000000"
"99800499999","2020-04-09","41.6333333","-71.3333333","13.0","NARRAGANSETT BAY RESERVE, RI US","  46.4","18","  43.2","18"," 995.7","18","999.9"," 0","999.9"," 0","  6.9","18"," 15.9","999.9","  50.0","*","  42.4","*"," 0.04","G","999.9","000000"
"99800499999","2020-04-10","41.6333333","-71.3333333","13.0","NARRAGANSETT BAY RESERVE, RI US","  43.9","24","  27.8","24"," 990.0","24","999.9"," 0","999.9"," 0"," 11.3","24"," 15.9","999.9","  49.5","*","  39.0","*"," 0.00","G","999.9","000000"
"99800499999","2020-04-11","41.6333333","-71.3333333","13.0","NARRAGANSETT BAY RESERVE, RI US","  44.0","24","  28.0","24","1006.1","24","999.9"," 0","999.9"," 0","  9.0","24"," 13.0","999.9","  53.4","*","  36.7","*"," 0.16","G","999.9","000000"
"99800499999","2020-04-12","41.6333333","-71.3333333","13.0","NARRAGANSETT BAY RESERVE, RI US","  44.9","24","  29.1","24","1021.2","24","999.9"," 0","999.9"," 0","  5.5","24","  8.9","999.9","  53.8","*","  36.5","*"," 0.00","G","999.9","000000"
"99800499999","2020-04-13","41.6333333","-71.3333333","13.0","NARRAGANSETT BAY RESERVE, RI US","  52.1","24","  50.1","24","1013.6","24","999.9"," 0","999.9"," 0"," 10.6","24"," 20.0","999.9","  57.0","*","  48.0","*"," 0.00","G","999.9","000000"
"99800499999","2020-04-14","41.6333333","-71.3333333","13.0","NARRAGANSETT BAY RESERVE, RI US","  52.9","24","  39.7","24","1012.3","24","999.9"," 0","999.9"," 0","  6.8","24"," 18.1","999.9","  58.1","*","  46.8","*"," 1.53","G","999.9","000000"
"99800499999","2020-04-15","41.6333333","-71.3333333","13.0","NARRAGANSETT BAY RESERVE, RI US","  46.9","24","  33.5","24","1012.9","24","999.9"," 0","999.9"," 0","  5.6","24"," 11.1","999.9","  53.2","*","  39.9","*"," 0.00","G","999.9","000000"
"99800499999","2020-04-16","41.6333333","-71.3333333","13.0","NARRAGANSETT BAY RESERVE, RI US","  43.7","24","  24.6","24","1015.2","24","999.9"," 0","999.9"," 0","  6.8","24"," 11.1","999.9","  49.5","*","  36.9","*"," 0.12","G","999.9","000000"
"99800499999","2020-04-17","41.6333333","-71.3333333","13.0","NARRAGANSETT BAY RESERVE, RI US","  41.9","24","  20.5","24","1021.1","24","999.9"," 0","999.9"," 0","  9.3","24"," 14.0","999.9","  50.5","*","  34.0","*"," 0.00","G","999.9","000000"
"99800499999","2020-04-18","41.6333333","-71.3333333","13.0","NARRAGANSETT BAY RESERVE, RI US","  39.3","24","  36.1","24","1011.0","24","999.9"," 0","999.9"," 0"," 11.1","24"," 18.1","999.9","  44.8","*","  35.2","*"," 0.00","I","999.9","000000"
"99800499999","2020-04-19","41.6333333","-71.3333333","13.0","NARRAGANSETT BAY RESERVE, RI US","  45.0","24","  33.6","24","1010.1","24","999.9"," 0","999.9"," 0","  8.4","24"," 15.9","999.9","  56.7","*","  35.4","*"," 0.48","G","999.9","000000"
"99800499999","2020-04-20","41.6333333","-71.3333333","13.0","NARRAGANSETT BAY RESERVE, RI US","  49.6","23","  38.8","23","1004.7","23","999.9"," 0","999.9"," 0","  8.2","23"," 13.0","999.9","  53.8","*","  45.3","*"," 0.00","G","999.9","000000"
"99800499999","2020-04-21","41.6333333","-71.3333333","13.0","NARRAGANSETT BAY RESERVE, RI US","  41.7","19","  31.8","19","1005.0","19","999.9"," 0","999.9"," 0","  5.9","19","  8.9","999.9","  48.4","*","  34.9","*"," 0.00","I","999.9","000000"
"99800499999","2020-04-22","41.6333333","-71.3333333","13.0","NARRAGANSETT BAY RESERVE, RI US","  42.0","15","9999.9"," 0","1007.0","15","999.9"," 0","999.9"," 0"," 12.0","15"," 15.9","999.9","  47.1","*","  34.2","*"," 0.26","G","999.9","000000"
"99800499999","2020-04-23","41.6333333","-71.3333333","13.0","NARRAGANSETT BAY RESERVE, RI US","  42.8","24","  27.3"," 5","1015.7","24","999.9"," 0","999.9"," 0","  8.0","24"," 12.0","999.9","  54.3","*","  34.2","*"," 0.00","G","999.9","000000"
"99800499999","2020-04-24","41.6333333","-71.3333333","13.0","NARRAGANSETT BAY RESERVE, RI US","  43.4","23","  39.1","23","1010.7","23","999.9"," 0","999.9"," 0"," 10.0","23"," 19.0","999.9","  45.1","*","  41.5","*"," 0.00","G","999.9","000000"
"99800499999","2020-04-25","41.6333333","-71.3333333","13.0","NARRAGANSETT BAY RESERVE, RI US","  46.3","24","  35.1","24","1015.1","24","999.9"," 0","999.9"," 0","  4.9","24","  9.9","999.9","  57.0","*","  35.4","*"," 0.00","I","999.9","000000"
"99800499999","2020-04-26","41.6333333","-71.3333333","13.0","NARRAGANSETT BAY RESERVE, RI US","  46.0","24","  40.4","24","1017.3","24","999.9"," 0","999.9"," 0","  7.6","24"," 21.0","999.9","  50.7","*","  41.0","*"," 0.00","G","999.9","000000"
"99800499999","2020-04-27","41.6333333","-71.3333333","13.0","NARRAGANSETT BAY RESERVE, RI US","  42.7","24","  41.5","24","1008.1","24","999.9"," 0","999.9"," 0"," 20.1","24"," 22.9","999.9","  43.7","*","  39.6","*"," 0.37","G","999.9","000000"
"99800499999","2020-04-28","41.6333333","-71.3333333","13.0","NARRAGANSETT BAY RESERVE, RI US","  44.4","24","  36.1","24","1016.7","24","999.9"," 0","999.9"," 0","  9.7","24"," 15.9","999.9","  56.1","*","  38.3","*"," 0.13","G","999.9","000000"
"99800499999","2020-04-29","41.6333333","-71.3333333","13.0","NARRAGANSETT BAY RESERVE, RI US","  46.1","24","  37.5","24","1024.5","24","999.9"," 0","999.9"," 0","  3.4","24","  8.0","999.9","  58.5","*","  35.1","*"," 0.00","G","999.9","000000"
"99800499999","2020-04-30","41.6333333","-71.3333333","13.0","NARRAGANSETT BAY RESERVE, RI US","  46.8","24","  41.1","24","1025.3","24","999.9"," 0","999.9"," 0","  6.1","24"," 11.1","999.9","  51.6","*","  43.9","*"," 0.00","I","999.9","000000"
"99800499999","2020-05-01","41.6333333","-71.3333333","13.0","NARRAGANSETT BAY RESERVE, RI US","  54.7","24","  52.2","24","1009.5","24","999.9"," 0","999.9"," 0","  7.3","24"," 12.0","999.9","  62.8","*","  50.7","*"," 0.00","I","999.9","000000"
"99800499999","2020-05-02","41.6333333","-71.3333333","13.0","NARRAGANSETT BAY RESERVE, RI US","  58.8","24","  41.6","24","1009.1","24","999.9"," 0","999.9"," 0","  7.5","24"," 13.0","999.9","  73.4","*","  48.6","*"," 0.96","G","999.9","000000"
"99800499999","2020-05-03","41.6333333","-71.3333333","13.0","NARRAGANSETT BAY RESERVE, RI US","  57.9","24","  47.1","24","1008.8","24","999.9"," 0","999.9"," 0","  6.1","24","  9.9","999.9","  63.9","*","  54.0","*"," 0.00","G","999.9","000000"
"99800499999","2020-05-04","41.6333333","-71.3333333","13.0","NARRAGANSETT BAY RESERVE, RI US","  61.1","24","  44.8","24","1002.8","24","999.9"," 0","999.9"," 0","  5.6","24","  9.9","999.9","  75.6","*","  52.7","*"," 0.00","G","999.9","000000"
"99800499999","2020-05-05","41.6333333","-71.3333333","13.0","NARRAGANSETT BAY RESERVE, RI US","  53.6","24","  32.3","24","1008.7","24","999.9"," 0","999.9"," 0","  7.3","24"," 11.1","999.9","  62.2","*","  44.6","*"," 0.03","G","999.9","000000"
"99800499999","2020-05-06","41.6333333","-71.3333333","13.0","NARRAGANSETT BAY RESERVE, RI US","  48.8","24","  36.5","24","1012.2","24","999.9"," 0","999.9"," 0","  5.9","24","  9.9","999.9","  56.1","*","  39.9","*"," 0.00","G","999.9","000000"
"99800499999","2020-05-07","41.6333333","-71.3333333","13.0","NARRAGANSETT BAY RESERVE, RI US","  50.1","24","  37.5","24","1006.4","24","999.9"," 0","999.9"," 0","  5.1","24","  8.0","999.9","  66.0","*","  40.1","*"," 0.00","I","999.9","000000"
"99800499999","2020-05-08","41.6333333","-71.3333333","13.0","NARRAGANSETT BAY RESERVE, RI US","  51.0","24","  35.6","24","1008.2","24","999.9"," 0","999.9"," 0","  5.9","24"," 12.0","999.9","  57.9","*","  44.8","*"," 0.00","I","999.9","000000"
"99800499999","2020-05-09","41.6333333","-71.3333333","13.0","NARRAGANSETT BAY RESERVE, RI US","  42.8","24","  30.3","24","1002.8","24","999.9"," 0","999.9"," 0"," 11.6","24"," 20.0","999.9","  47.3","*","  36.1","*"," 0.00","I","999.9","000000"
"99800499999","2020-05-10","41.6333333","-71.3333333","13.0","NARRAGANSETT BAY RESERVE, RI US","  49.1","17","  28.8","17","1014.1","17","999.9"," 0","999.9"," 0"," 11.5","17"," 14.0","999.9","  59.7","*","  36.5","*"," 0.00","I","999.9","000000"
"99800499999","2020-05-11","41.6333333","-71.3333333","13.0","NARRAGANSETT BAY RESERVE, RI US","  50.8","24","  44.6","24","1011.9","24","999.9"," 0","999.9"," 0","  7.0","24"," 11.1","999.9","  55.9","*","  46.0","*"," 0.00","I","999.9","000000"
"99800499999","2020-05-12","41.6333333","-71.3333333","13.0","NARRAGANSETT BAY RESERVE, RI US","  50.3","24","  34.5","24","1011.2","24","999.9"," 0","999.9"," 0","  8.1","24"," 11.1","999.9","  59.5","*","  41.4","*"," 0.00","I","999.9","000000"
"99800499999","2020-05-13","41.6333333","-71.3333333","13.0","NARRAGANSETT BAY RESERVE, RI US","  50.0","24","  23.7","24","1021.2","24","999.9"," 0","999.9"," 0","  8.0","24"," 14.0","999.9","  61.2","*","  37.9","*"," 0.00","I","999.9","000000"
"99800499999","2020-05-14","41.6333333","-71.3333333","13.0","NARRAGANSETT BAY RESERVE, RI US","  53.1","22","  30.0","22","1024.2","22","999.9"," 0","999.9"," 0","  5.2","22"," 11.1","999.9","  62.4","*","  41.0","*"," 0.00","I","999.9","000000"
"99800499999","2020-05-15","41.6333333","-71.3333333","13.0","NARRAGANSETT BAY RESERVE, RI US","  57.1","24","  51.5","24","1015.8","24","999.9"," 0","999.9"," 0","  4.5","24","  7.0","999.9","  72.3","*","  50.2","*"," 0.00","I","999.9","000000"
"99800499999","2020-05-16","41.6333333","-71.3333333","13.0","NARRAGANSETT BAY RESERVE, RI US","  64.1","24","  54.9","24","1013.6","24","999.9"," 0","999.9"," 0","  7.3","24"," 12.0","999.9","  72.7","*","  55.4","*"," 0.29","G","999.9","000000"
"99800499999","2020-05-17","41.6333333","-71.3333333","13.0","NARRAGANSETT BAY RESERVE, RI US","  53.2","24","  45.7","24","1025.6","24","999.9"," 0","999.9"," 0","  3.9","24","  8.9","999.9","  58.5","*","  48.2","*"," 0.00","G","999.9","000000"
"99800499999","2020-05-18","41.6333333","-71.3333333","13.0","NARRAGANSETT BAY RESERVE, RI US","  55.8","24","  48.7","24","1022.9","24","999.9"," 0","999.9"," 0","  3.4","24","  8.9","999.9","  66.4","*","  50.4","*"," 0.00","G","999.9","000000"
"99800499999","2020-05-19","41.6333333","-71.3333333","13.0","NARRAGANSETT BAY RESERVE, RI US","  56.6","24","  44.8","24","1024.4","24","999.9"," 0","999.9"," 0"," 13.7","24"," 19.0","999.9","  66.6","*","  49.6","*"," 0.00","G","999.9","000000"
"99800499999","2020-05-20","41.6333333","-71.3333333","13.0","NARRAGANSETT BAY RESERVE, RI US","  55.6","24","  41.2","24","1030.8","24","999.9"," 0","999.9"," 0","  7.6","24"," 11.1","999.9","  68.0","*","  46.0","*"," 0.00","G","999.9","000000"
"99800499999","2020-05-21","41.6333333","-71.3333333","13.0","NARRAGANSETT BAY RESERVE, RI US","  51.8","24","  41.9","24","1029.7","24","999.9"," 0","999.9"," 0","  4.6","24","  8.9","999.9","  61.2","*","  39.4","*"," 0.00","I","999.9","000000"
"99800499999","2020-05-22","41.6333333","-71.3333333","13.0","NARRAGANSETT BAY RESERVE, RI US","  61.0","24","  51.6","24","1021.8","24","999.9"," 0","999.9"," 0","  6.5","24","  9.9","999.9","  75.2","*","  48.6","*"," 0.00","G","999.9","000000"
"99800499999","2020-05-23","41.6333333","-71.3333333","13.0","NARRAGANSETT BAY RESERVE, RI US","  60.4","24","  56.6","24","1017.6","24","999.9"," 0","999.9"," 0","  8.2","24"," 18.1","999.9","  66.6","*","  51.3","*"," 0.00","I","999.9","000000"
"99800499999","2020-05-24","41.6333333","-71.3333333","13.0","NARRAGANSETT BAY RESERVE, RI US","  55.9","24","  47.2","24","1024.5","24","999.9"," 0","999.9"," 0"," 11.9","24"," 15.9","999.9","  67.5","*","  46.6","*"," 0.35","G","999.9","000000"
"99800499999","2020-05-25","41.6333333","-71.3333333","13.0","NARRAGANSETT BAY RESERVE, RI US","  56.9","24","  53.3","24","1024.5","24","999.9"," 0","999.9"," 0","  6.2","24","  9.9","999.9","  67.1","*","  50.5","*"," 0.00","G","999.9","000000"
"99800499999","2020-05-26","41.6333333","-71.3333333","13.0","NARRAGANSETT BAY RESERVE, RI US","  63.0","24","  58.9","24","1023.0","24","999.9"," 0","999.9"," 0","  3.4","24","  8.9","999.9","  72.5","*","  55.9","*"," 0.00","I","999.9","000000"
"99800499999","2020-05-27","41.6333333","-71.3333333","13.0","NARRAGANSETT BAY RESERVE, RI US","  62.6","24","  59.6","24","1023.7","24","999.9"," 0","999.9"," 0","  4.6","24","  8.0","999.9","  71.4","*","  56.3","*"," 0.00","I","999.9","000000"
"99800499999","2020-05-28","41.6333333","-71.3333333","13.0","NARRAGANSETT BAY RESERVE, RI US","  64.5","24","  62.3","24","1023.4","24","999.9"," 0","999.9"," 0","  4.8","24","  7.0","999.9","  72.5","*","  60.1","*"," 0.00","G","999.9","000000"
"99800499999","2020-05-29","41.6333333","-71.3333333","13.0","NARRAGANSETT BAY RESERVE, RI US","  64.1","24","  63.1","24","1018.4","24","999.9"," 0","999.9"," 0","  5.7","24","  7.0","999.9","  68.9","*","  61.7","*"," 0.10","G","999.9","000000"
"99800499999","2020-05-30","41.6333333","-71.3333333","13.0","NARRAGANSETT BAY RESERVE, RI US","  68.9","24","  61.9","24","1011.3","24","999.9"," 0","999.9"," 0","  5.7","24","  8.0","999.9","  82.0","*","  60.4","*"," 0.17","G","999.9","000000"
"99800499999","2020-05-31","41.6333333","-71.3333333","13.0","NARRAGANSETT BAY RESERVE, RI US","  65.6","24","  46.3","24","1013.7","24","999.9"," 0","999.9"," 0","  6.3","24","  9.9","999.9","  72.3","*","  58.5","*"," 0.00","G","999.9","000000"
"99800499999","2020-06-01","41.6333333","-71.3333333","13.0","NARRAGANSETT BAY RESERVE, RI US","  57.0","24","  36.4","24","1020.5","24","999.9"," 0","999.9"," 0","  6.0","24"," 11.1","999.9","  67.3","*","  43.5","*"," 0.00","G","999.9","000000"
"99800499999","2020-06-02","41.6333333","-71.3333333","13.0","NARRAGANSETT BAY RESERVE, RI US","  57.3","24","  45.4","24","1016.6","24","999.9"," 0","999.9"," 0","  4.4","24","  7.0","999.9","  63.7","*","  46.9","*"," 0.00","I","999.9","000000"
"99800499999","2020-06-03","41.6333333","-71.3333333","13.0","NARRAGANSETT BAY RESERVE, RI US","  63.8","24","  57.6","24","1005.0","24","999.9"," 0","999.9"," 0","  4.3","24","  6.0","999.9","  73.4","*","  57.0","*"," 0.00","I","999.9","000000"
"99800499999","2020-06-04","41.6333333","-71.3333333","13.0","NARRAGANSETT BAY RESERVE, RI US","  69.5","22","  62.6","22","1008.0","22","999.9"," 0","999.9"," 0","  5.0","22","  8.0","999.9","  80.1","*","  61.3","*"," 0.00","G","999.9","000000"
"99800499999","2020-06-05","41.6333333","-71.3333333","13.0","NARRAGANSETT BAY RESERVE, RI US","  66.0","24","  62.5","24","1012.8","24","999.9"," 0","999.9"," 0","  4.4","24","  6.0","999.9","  74.7","*","  61.9","*"," 0.00","I","999.9","000000"
"99800499999","2020-06-06","41.6333333","-71.3333333","13.0","NARRAGANSETT BAY RESERVE, RI US","  66.2","24","  64.0","24","1008.6","24","999.9"," 0","999.9"," 0","  5.0","24","  7.0","999.9","  74.1","*","  61.9","*"," 0.09","G","999.9","000000"
"99800499999","2020-06-07","41.6333333","-71.3333333","13.0","NARRAGANSETT BAY RESERVE, RI US","  64.9","24","  55.3","24","1008.8","24","999.9"," 0","999.9"," 0","  6.2","24","  9.9","999.9","  69.8","*","  59.0","*"," 0.46","G","999.9","000000"
"99800499999","2020-06-08","41.6333333","-71.3333333","13.0","NARRAGANSETT BAY RESERVE, RI US","  66.2","24","  50.7","24","1014.2","24","999.9"," 0","999.9"," 0","  4.0","24","  8.0","999.9","  79.3","*","  51.4","*"," 0.00","G","999.9","000000"
"99800499999","2020-06-09","41.6333333","-71.3333333","13.0","NARRAGANSETT BAY RESERVE, RI US","  66.1","24","  55.0","24","1013.5","24","999.9"," 0","999.9"," 0","  2.8","24","  5.1","999.9","  77.4","*","  54.7","*"," 0.00","G","999.9","000000"
"99800499999","2020-06-10","41.6333333","-71.3333333","13.0","NARRAGANSETT BAY RESERVE, RI US","  68.4","24","  61.4","24","1016.3","24","999.9"," 0","999.9"," 0","  4.2","24","  8.9","999.9","  77.7","*","  61.0","*"," 0.00","I","999.9","000000"
"99800499999","2020-06-11","41.6333333","-71.3333333","13.0","NARRAGANSETT BAY RESERVE, RI US","  66.4","24","  63.9","24","1017.7","24","999.9"," 0","999.9"," 0","  6.4","24","  9.9","999.9","  69.6","*","  63.9","*"," 0.00","G","999.9","000000"
"99800499999","2020-06-12","41.6333333","-71.3333333","13.0","NARRAGANSETT BAY RESERVE, RI US","  68.4","24","  65.1","24","1017.6","24","999.9"," 0","999.9"," 0","  4.7","24"," 11.1","999.9","  75.4","*","  63.9","*"," 0.79","G","999.9","000000"
"99800499999","2020-06-13","41.6333333","-71.3333333","13.0","NARRAGANSETT BAY RESERVE, RI US","  67.4","24","  50.6","24","1019.5","24","999.9"," 0","999.9"," 0","  4.8","24","  8.0","999.9","  74.1","*","  62.2","*"," 0.00","G","999.9","000000"
"99800499999","2020-06-14","41.6333333","-71.3333333","13.0","NARRAGANSETT BAY RESERVE, RI US","  64.6","24","  50.8","24","1026.8","24","999.9"," 0","999.9"," 0","  8.9","24"," 13.0","999.9","  73.8","*","  55.2","*"," 0.00","G","999.9","000000"
"99800499999","2020-06-15","41.6333333","-71.3333333","13.0","NARRAGANSETT BAY RESERVE, RI US","  63.7","24","  54.6","24","1029.5","24","999.9"," 0","999.9"," 0"," 10.1","24"," 14.0","999.9","  72.9","*","  56.8","*"," 0.00","G","999.9","000000"
"99800499999","2020-06-16","41.6333333","-71.3333333","13.0","NARRAGANSETT BAY RESERVE, RI US","  64.9","24","  54.1","24","1028.8","24","999.9"," 0","999.9"," 0","  5.4","24","  8.0","999.9","  77.5","*","  52.7","*"," 0.00","I","999.9","000000"
"99800499999","2020-06-17","41.6333333","-71.3333333","13.0","NARRAGANSETT BAY RESERVE, RI US","  65.6","24","  56.7","24","1025.7","24","999.9"," 0","999.9"," 0","  4.2","24","  7.0","999.9","  75.7","*","  54.0","*"," 0.00","I","999.9","000000"
"99800499999","2020-06-18","41.6333333","-71.3333333","13.0","NARRAGANSETT BAY RESERVE, RI US","  66.9","24","  63.2","24","1022.8","24","999.9"," 0","999.9"," 0","  3.8","24","  7.0","999.9","  74.8","*","  61.7","*"," 0.00","G","999.9","000000"
"99800499999","2020-06-19","41.6333333","-71.3333333","13.0","NARRAGANSETT BAY RESERVE, RI US","  70.3","24","  66.2","24","1020.0","24","999.9"," 0","999.9"," 0","  4.4","24","  7.0","999.9","  78.4","*","  65.3","*"," 0.00","G","999.9","000000"
"99800499999","2020-06-20","41.6333333","-71.3333333","13.0","NARRAGANSETT BAY RESERVE, RI US","  72.1","21","  65.6","21","1017.7","21","999.9"," 0","999.9"," 0","  4.7","21","  7.0","999.9","  82.2","*","  65.5","*"," 0.00","I","999.9","000000"
"99800499999","2020-06-21","41.6333333","-71.3333333","13.0","NARRAGANSETT BAY RESERVE, RI US","  72.7","24","  67.4","24","1016.0","24","999.9"," 0","999.9"," 0","  4.1","24","  7.0","999.9","  81.3","*","  65.8","*"," 0.00","G","999.9","000000"
"99800499999","2020-06-22","41.6333333","-71.3333333","13.0","NARRAGANSETT BAY RESERVE, RI US","  71.4","24","  67.3","24","1014.7","24","999.9"," 0","999.9"," 0","  3.9","24","  6.0","999.9","  82.4","*","  65.5","*"," 0.00","G","999.9","000000"
"99800499999","2020-06-23","41.6333333","-71.3333333","13.0","NARRAGANSETT BAY RESERVE, RI US","  69.7","24","  67.3","24","1011.5","24","999.9"," 0","999.9"," 0","  4.1","24","  8.9","999.9","  77.0","*","  66.2","*"," 0.00","G","999.9","000000"
"99800499999","2020-06-24","41.6333333","-71.3333333","13.0","NARRAGANSETT BAY RESERVE, RI US","  72.1","24","  69.1","24","1006.5","24","999.9"," 0","999.9"," 0","  4.8","24","  6.0","999.9","  81.0","*","  66.7","*"," 0.00","G","999.9","000000"
"99800499999","2020-06-25","41.6333333","-71.3333333","13.0","NARRAGANSETT BAY RESERVE, RI US","  72.8","24","  61.7","24","1012.4","24","999.9"," 0","999.9"," 0","  3.3","24","  7.0","999.9","  83.3","*","  61.9","*"," 0.00","I","999.9","000000"
"99800499999","2020-06-26","41.6333333","-71.3333333","13.0","NARRAGANSETT BAY RESERVE, RI US","  71.9","24","  66.2","24","1014.0","24","999.9"," 0","999.9"," 0","  4.1","24","  7.0","999.9","  77.2","*","  67.1","*"," 0.00","G","999.9","000000"
"99800499999","2020-06-27","41.6333333","-71.3333333","13.0","NARRAGANSETT BAY RESERVE, RI US","  70.6","24","  65.1","24","1010.4","24","999.9"," 0","999.9"," 0","  3.6","24","  7.0","999.9","  78.8","*","  63.7","*"," 0.00","I","999.9","000000"
"99800499999","2020-06-28","41.6333333","-71.3333333","13.0","NARRAGANSETT BAY RESERVE, RI US","  71.1","24","  67.2","24","1007.0","24","999.9"," 0","999.9"," 0","  3.9","24","  8.0","999.9","  79.0","*","  63.0","*"," 0.00","I","999.9","000000"
"99800499999","2020-06-29","41.6333333","-71.3333333","13.0","NARRAGANSETT BAY RESERVE, RI US","  71.1","24","  67.7","24","1008.2","24","999.9"," 0","999.9"," 0","  5.0","24","  9.9","999.9","  80.1","*","  66.9","*"," 0.00","I","999.9","000000"
"99800499999","2020-06-30","41.6333333","-71.3333333","13.0","NARRAGANSETT BAY RESERVE, RI US","  68.8","24","  65.3","24","1011.8","24","999.9"," 0","999.9"," 0","  4.9","24","  8.9","999.9","  75.7","*","  66.4","*"," 0.00","I","999.9","000000"
"99800499999","2020-07-01","41.6333333","-71.3333333","13.0","NARRAGANSETT BAY RESERVE, RI US","  69.1","24","  65.5","24","1011.8","24","999.9"," 0","999.9"," 0","  3.3","24","  6.0","999.9","  75.7","*","  64.9","*"," 0.04","G","999.9","000000"
"99800499999","2020-07-02","41.6333333","-71.3333333","13.0","NARRAGANSETT BAY RESERVE, RI US","  71.3","24","  66.0","24","1009.5","24","999.9"," 0","999.9"," 0","  3.0","24","  7.0","999.9","  79.9","*","  61.2","*"," 0.00","G","999.9","000000"
"99800499999","2020-07-03","41.6333333","-71.3333333","13.0","NARRAGANSETT BAY RESERVE, RI US","  73.5","24","  68.6","24","1009.4","24","999.9"," 0","999.9"," 0","  7.1","24"," 13.0","999.9","  79.0","*","  67.6","*"," 0.00","I","999.9","000000"
"99800499999","2020-07-04","41.6333333","-71.3333333","13.0","NARRAGANSETT BAY RESERVE, RI US","  68.9","24","  64.2","24","1012.8","24","999.9"," 0","999.9"," 0","  8.4","24"," 12.0","999.9","  76.8","*","  64.8","*"," 0.00","I","999.9","000000"
"99800499999","2020-07-05","41.6333333","-71.3333333","13.0","NARRAGANSETT BAY RESERVE, RI US","  71.6","24","  67.3","24","1014.0","24","999.9"," 0","999.9"," 0","  4.4","24","  7.0","999.9","  79.5","*","  66.6","*"," 0.00","I","999.9","000000"
"99800499999","2020-07-06","41.6333333","-71.3333333","13.0","NARRAGANSETT BAY RESERVE, RI US","  73.4","24","  68.6","24","1016.4","24","999.9"," 0","999.9"," 0","  6.5","24"," 11.1","999.9","  81.0","*","  69.3","*"," 0.00","G","999.9","000000"
"99800499999","2020-07-07","41.6333333","-71.3333333","13.0","NARRAGANSETT BAY RESERVE, RI US","  66.9","24","  61.2","24","1021.7","24","999.9"," 0","999.9"," 0","  3.5","24","  6.0","999.9","  72.0","*","  62.4","*"," 0.00","I","999.9","000000"
"99800499999","2020-07-08","41.6333333","-71.3333333","13.0","NARRAGANSETT BAY RESERVE, RI US","  72.2","24","  68.7","24","1017.8","24","999.9"," 0","999.9"," 0","  4.5","24","  8.0","999.9","  81.7","*","  64.9","*"," 0.00","I","999.9","000000"
"99800499999","2020-07-09","41.6333333","-71.3333333","13.0","NARRAGANSETT BAY RESERVE, RI US","  76.5","24","  72.4","24","1015.7","24","999.9"," 0","999.9"," 0","  4.6","24","  7.0","999.9","  83.1","*","  72.5","*"," 0.01","G","999.9","000000"
"99800499999","2020-07-10","41.6333333","-71.3333333","13.0","NARRAGANSETT BAY RESERVE, RI US","  74.7","24","  71.7","24","1016.1","24","999.9"," 0","999.9"," 0","  3.2","24","  7.0","999.9","  82.2","*","  69.1","*"," 0.00","G","999.9","000000"
"99800499999","2020-07-11","41.6333333","-71.3333333","13.0","NARRAGANSETT BAY RESERVE, RI US","  75.6","24","  72.1","24","1008.7","24","999.9"," 0","999.9"," 0","  6.8","24","  8.9","999.9","  79.7","*","  73.0","*"," 0.00","I","999.9","000000"
"99800499999","2020-07-12","41.6333333","-71.3333333","13.0","NARRAGANSETT BAY RESERVE, RI US","  77.3","24","  70.7","24","1004.9","24","999.9"," 0","999.9"," 0","  6.5","24","  8.9","999.9","  84.7","*","  71.8","*"," 0.00","I","999.9","000000"
"99800499999","2020-07-13","41.6333333","-71.3333333","13.0","NARRAGANSETT BAY RESERVE, RI US","  76.1","24","  68.9","24","1008.0","24","999.9"," 0","999.9"," 0","  4.4","24","  7.0","999.9","  82.6","*","  72.0","*"," 0.00","G","999.9","000000"
"99800499999","2020-07-14","41.6333333","-71.3333333","13.0","NARRAGANSETT BAY RESERVE, RI US","  74.2","24","  68.8","24","1011.5","24","999.9"," 0","999.9"," 0","  4.2","24","  9.9","999.9","  85.6","*","  66.2","*"," 0.00","I","999.9","000000"
"99800499999","2020-07-15","41.6333333","-71.3333333","13.0","NARRAGANSETT BAY RESERVE, RI US","  70.6","24","  64.4","24","1021.1","24","999.9"," 0","999.9"," 0","  7.4","24"," 11.1","999.9","  76.3","*","  66.2","*"," 0.51","G","999.9","000000"
"99800499999","2020-07-16","41.6333333","-71.3333333","13.0","NARRAGANSETT BAY RESERVE, RI US","  68.0","24","  58.8","24","1026.5","24","999.9"," 0","999.9"," 0","  5.2","24","  9.9","999.9","  77.2","*","  57.4","*"," 0.00","G","999.9","000000"
"99800499999","2020-07-17","41.6333333","-71.3333333","13.0","NARRAGANSETT BAY RESERVE, RI US","  65.3","24","  61.5","24","1022.8","24","999.9"," 0","999.9"," 0","  3.1","24","  6.0","999.9","  71.4","*","  60.4","*"," 0.00","I","999.9","000000"
"99800499999","2020-07-18","41.6333333","-71.3333333","13.0","NARRAGANSETT BAY RESERVE, RI US","  75.1","24","  70.1","24","1017.5","24","999.9"," 0","999.9"," 0","  3.2","24","  6.0","999.9","  83.5","*","  66.4","*"," 0.34","G","999.9","000000"
"99800499999","2020-07-19","41.6333333","-71.3333333","13.0","NARRAGANSETT BAY RESERVE, RI US","  76.2","24","  71.6","24","1014.4","24","999.9"," 0","999.9"," 0","  5.1","24","  8.0","999.9","  82.4","*","  71.1","*"," 0.00","G","999.9","000000"
"99800499999","2020-07-20","41.6333333","-71.3333333","13.0","NARRAGANSETT BAY RESERVE, RI US","  78.2","24","  73.6","24","1010.6","24","999.9"," 0","999.9"," 0","  5.3","24","  8.0","999.9","  88.5","*","  72.5","*"," 0.00","G","999.9","000000"
"99800499999","2020-07-21","41.6333333","-71.3333333","13.0","NARRAGANSETT BAY RESERVE, RI US","  80.8","24","  68.2","24","1014.1","24","999.9"," 0","999.9"," 0","  4.2","24","  7.0","999.9","  86.9","*","  74.1","*"," 0.00","I","999.9","000000"
"99800499999","2020-07-22","41.6333333","-71.3333333","13.0","NARRAGANSETT BAY RESERVE, RI US","  75.6","20","  69.9","20","1017.0","20","999.9"," 0","999.9"," 0","  2.9","20","  5.1","999.9","  83.1","*","  69.3","*"," 0.00","I","999.9","000000"
"99800499999","2020-07-23","41.6333333","-71.3333333","13.0","NARRAGANSETT BAY RESERVE, RI US","  78.8","24","  73.4","24","1015.8","24","999.9"," 0","999.9"," 0","  4.7","24","  8.9","999.9","  86.7","*","  73.6","*"," 0.07","G","999.9","000000"
"99800499999","2020-07-24","41.6333333","-71.3333333","13.0","NARRAGANSETT BAY RESERVE, RI US","  77.1","24","  69.3","24","1017.3","24","999.9"," 0","999.9"," 0","  4.0","24","  8.0","999.9","  82.8","*","  72.0","*"," 0.00","G","999.9","000000"
"99800499999","2020-07-25","41.6333333","-71.3333333","13.0","NARRAGANSETT BAY RESERVE, RI US","  76.0","24","  68.9","24","1018.2","24","999.9"," 0","999.9"," 0","  3.2","24","  7.0","999.9","  85.5","*","  67.3","*"," 0.00","G","999.9","000000"
"99800499999","2020-07-26","41.6333333","-71.3333333","13.0","NARRAGANSETT BAY RESERVE, RI US","  82.2","24","  69.8","24","1014.9","24","999.9"," 0","999.9"," 0","  5.9","24","  8.9","999.9","  94.8","*","  73.8","*"," 0.00","G","999.9","000000"
"99800499999","2020-07-27","41.6333333","-71.3333333","13.0","NARRAGANSETT BAY RESERVE, RI US","  82.0","23","  69.4","23","1009.2","23","999.9"," 0","999.9"," 0","  4.8","23","  7.0","999.9","  91.6","*","  73.9","*"," 0.00","I","999.9","000000"
"99800499999","2020-07-28","41.6333333","-71.3333333","13.0","NARRAGANSETT BAY RESERVE, RI US","  82.6","24","  72.9","24","1007.3","24","999.9"," 0","999.9"," 0","  4.3","24","  8.0","999.9","  93.7","*","  75.7","*"," 0.00","I","999.9","000000"
"99800499999","2020-07-29","41.6333333","-71.3333333","13.0","NARRAGANSETT BAY RESERVE, RI US","  78.4","24","  65.2","24","1012.3","24","999.9"," 0","999.9"," 0","  3.2","24","  6.0","999.9","  85.8","*","  68.5","*"," 0.00","G","999.9","000000"
"99800499999","2020-07-30","41.6333333","-71.3333333","13.0","NARRAGANSETT BAY RESERVE, RI US","  78.6","24","  72.6","24","1011.2","24","999.9"," 0","999.9"," 0","  4.1","24","  7.0","999.9","  88.2","*","  73.0","*"," 0.00","I","999.9","000000"
"99800499999","2020-07-31","41.6333333","-71.3333333","13.0","NARRAGANSETT BAY RESERVE, RI US","  75.6","24","  70.0","24","1009.8","24","999.9"," 0","999.9"," 0","  2.9","24","  6.0","999.9","  82.4","*","  69.6","*"," 0.00","G","999.9","000000"
"99800499999","2020-08-01","41.6333333","-71.3333333","13.0","NARRAGANSETT BAY RESERVE, RI US","  75.7","24","  68.5","24","1012.4","24","999.9"," 0","999.9"," 0","  3.0","24","  6.0","999.9","  86.5","*","  65.7","*"," 0.04","G","999.9","000000"
"99800499999","2020-08-02","41.6333333","-71.3333333","13.0","NARRAGANSETT BAY RESERVE, RI US","  76.8","24","  71.9","24","1015.5","24","999.9"," 0","999.9"," 0","  4.3","24","  7.0","999.9","  82.8","*","  70.7","*"," 0.00","G","999.9","000000"
"99800499999","2020-08-03","41.6333333","-71.3333333","13.0","NARRAGANSETT BAY RESERVE, RI US","  82.0","24","  71.8","24","1014.2","24","999.9"," 0","999.9"," 0","  7.1","24"," 13.0","999.9","  91.4","*","  76.8","*"," 0.00","I","999.9","000000"
"99800499999","2020-08-04","41.6333333","-71.3333333","13.0","NARRAGANSETT BAY RESERVE, RI US","  77.4","24","  72.9","24","1015.7","24","999.9"," 0","999.9"," 0","  5.5","24"," 15.0","999.9","  82.8","*","  73.0","*"," 0.00","G","999.9","000000"
"99800499999","2020-08-05","41.6333333","-71.3333333","13.0","NARRAGANSETT BAY RESERVE, RI US","  77.0","24","  70.7","24","1014.5","24","999.9"," 0","999.9"," 0","  6.7","24"," 13.0","999.9","  84.9","*","  71.8","*"," 0.00","I","999.9","000000"
"99800499999","2020-08-06","41.6333333","-71.3333333","13.0","NARRAGANSETT BAY RESERVE, RI US","  74.5","24","  62.8","24","1019.0","24","999.9"," 0","999.9"," 0","  2.9","24","  5.1","999.9","  80.8","*","  66.9","*"," 0.00","I","999.9","000000"
"99800499999","2020-08-07","41.6333333","-71.3333333","13.0","NARRAGANSETT BAY RESERVE, RI US","  72.4","24","  62.9","24","1020.6","24","999.9"," 0","999.9"," 0","  3.5","24","  5.1","999.9","  80.2","*","  65.7","*"," 0.00","I","999.9","000000"
"99800499999","2020-08-08","41.6333333","-71.3333333","13.0","NARRAGANSETT BAY RESERVE, RI US","  73.4","24","  66.0","24","1021.0","24","999.9"," 0","999.9"," 0","  4.8","24","  7.0","999.9","  82.8","*","  67.8","*"," 0.00","I","999.9","000000"
"99800499999","2020-08-09","41.6333333","-71.3333333","13.0","NARRAGANSETT BAY RESERVE, RI US","  74.8","24","  69.0","24","1019.9","24","999.9"," 0","999.9"," 0","  4.9","24","  8.0","999.9","  82.4","*","  68.5","*"," 0.00","G","999.9","000000"
"99800499999","2020-08-10","41.6333333","-71.3333333","13.0","NARRAGANSETT BAY RESERVE, RI US","  77.6","24","  71.6","24","1016.7","24","999.9"," 0","999.9"," 0","  4.7","24","  7.0","999.9","  86.2","*","  71.6","*"," 0.00","I","999.9","000000"
"99800499999","2020-08-11","41.6333333","-71.3333333","13.0","NARRAGANSETT BAY RESERVE, RI US","  78.8","24","  73.1","24","1015.1","24","999.9"," 0","999.9"," 0","  5.0","24","  8.0","999.9","  86.9","*","  73.2","*"," 0.00","I","999.9","000000"
"99800499999","2020-08-12","41.6333333","-71.3333333","13.0","NARRAGANSETT BAY RESERVE, RI US","  79.8","21","  74.3","21","1015.9","21","999.9"," 0","999.9"," 0","  5.1","21","  8.0","999.9","  85.8","*","  76.5","*"," 0.00","G","999.9","000000"
"99800499999","2020-08-13","41.6333333","-71.3333333","13.0","NARRAGANSETT BAY RESERVE, RI US","  76.3","24","  71.1","24","1018.6","24","999.9"," 0","999.9"," 0","  3.5","24","  8.0","999.9","  83.3","*","  71.8","*"," 0.00","I","999.9","000000"
"99800499999","2020-08-14","41.6333333","-71.3333333","13.0","NARRAGANSETT BAY RESERVE, RI US","  76.7","24","  67.8","24","1017.5","24","999.9"," 0","999.9"," 0","  4.9","24"," 11.1","999.9","  89.1","*","  67.8","*"," 0.00","I","999.9","000000"
"99800499999","2020-08-15","41.6333333","-71.3333333","13.0","NARRAGANSETT BAY RESERVE, RI US","  71.0","24","  64.2","24","1016.5","24","999.9"," 0","999.9"," 0"," 12.3","24"," 17.1","999.9","  75.9","*","  68.4","*"," 0.00","G","999.9","000000"
"99800499999","2020-08-16","41.6333333","-71.3333333","13.0","NARRAGANSETT BAY RESERVE, RI US","  68.4","24","  65.8","24","1016.8","24","999.9"," 0","999.9"," 0","  9.9","24"," 14.0","999.9","  71.6","*","  67.3","*"," 0.00","I","999.9","000000"
"99800499999","2020-08-17","41.6333333","-71.3333333","13.0","NARRAGANSETT BAY RESERVE, RI US","  69.3","24","  63.0","24","1012.2","24","999.9"," 0","999.9"," 0","  9.3","24"," 14.0","999.9","  78.4","*","  63.7","*"," 0.22","G","999.9","000000"
"99800499999","2020-08-18","41.6333333","-71.3333333","13.0","NARRAGANSETT BAY RESERVE, RI US","  73.2","24","  65.5","24","1010.3","24","999.9"," 0","999.9"," 0","  5.2","24","  7.0","999.9","  82.8","*","  67.5","*"," 0.00","G","999.9","000000"
"99800499999","2020-08-19","41.6333333","-71.3333333","13.0","NARRAGANSETT BAY RESERVE, RI US","  68.5","24","  61.5","24","1013.0","24","999.9"," 0","999.9"," 0","  3.2","24","  7.0","999.9","  75.2","*","  58.8","*"," 0.00","I","999.9","000000"
"99800499999","2020-08-20","41.6333333","-71.3333333","13.0","NARRAGANSETT BAY RESERVE, RI US","  68.3","24","  58.6","24","1016.4","24","999.9"," 0","999.9"," 0","  4.4","24","  7.0","999.9","  77.9","*","  59.0","*"," 0.00","I","999.9","000000"
"99800499999","2020-08-21","41.6333333","-71.3333333","13.0","NARRAGANSETT BAY RESERVE, RI US","  72.1","24","  64.7","24","1014.5","24","999.9"," 0","999.9"," 0","  5.2","24","  7.0","999.9","  82.8","*","  64.0","*"," 0.00","G","999.9","000000"
"99800499999","2020-08-22","41.6333333","-71.3333333","13.0","NARRAGANSETT BAY RESERVE, RI US","  74.3","24","  67.6","24","1013.0","24","999.9"," 0","999.9"," 0","  3.6","24","  7.0","999.9","  84.2","*","  67.8","*"," 0.00","I","999.9","000000"
"99800499999","2020-08-23","41.6333333","-71.3333333","13.0","NARRAGANSETT BAY RESERVE, RI US","  74.5","24","  69.5","24","1016.7","24","999.9"," 0","999.9"," 0","  3.0","24","  6.0","999.9","  84.2","*","  67.6","*"," 0.06","G","999.9","000000"
"99800499999","2020-08-24","41.6333333","-71.3333333","13.0","NARRAGANSETT BAY RESERVE, RI US","  75.1","24","  70.2","24","1016.3","24","999.9"," 0","999.9"," 0","  4.1","24","  8.0","999.9","  83.5","*","  69.4","*"," 0.00","G","999.9","000000"
"99800499999","2020-08-25","41.6333333","-71.3333333","13.0","NARRAGANSETT BAY RESERVE, RI US","  74.8","16","  72.0","16","1010.7","16","999.9"," 0","999.9"," 0","  3.2","16","  5.1","999.9","  84.4","*","  72.1","*"," 0.00","G","999.9","000000"
"99800499999","2020-08-26","41.6333333","-71.3333333","13.0","NARRAGANSETT BAY RESERVE, RI US","  71.2","18","  48.2","18","1011.2","18","999.9"," 0","999.9"," 0","  6.3","18","  8.0","999.9","  79.0","*","  63.3","*"," 0.00","I","999.9","000000"
"99800499999","2020-08-27","41.6333333","-71.3333333","13.0","NARRAGANSETT BAY RESERVE, RI US","  65.7","24","  51.8","24","1009.2","24","999.9"," 0","999.9"," 0","  4.5","24","  8.0","999.9","  73.2","*","  61.2","*"," 0.00","G","999.9","000000"
"99800499999","2020-08-28","41.6333333","-71.3333333","13.0","NARRAGANSETT BAY RESERVE, RI US","  71.7","24","  64.5","24","1008.0","24","999.9"," 0","999.9"," 0","  3.2","24","  7.0","999.9","  84.2","*","  65.1","*"," 0.10","G","999.9","000000"
"99800499999","2020-08-29","41.6333333","-71.3333333","13.0","NARRAGANSETT BAY RESERVE, RI US","  72.1","24","  69.9","24","1005.1","24","999.9"," 0","999.9"," 0","  4.2","24","  7.0","999.9","  75.2","*","  68.9","*"," 0.00","G","999.9","000000"
"99800499999","2020-08-30","41.6333333","-71.3333333","13.0","NARRAGANSETT BAY RESERVE, RI US","  73.0","24","  59.7","24","1001.6","24","999.9"," 0","999.9"," 0","  7.4","24","  9.9","999.9","  81.9","*","  65.7","*"," 0.09","G","999.9","000000"
"99800499999","2020-08-31","41.6333333","-71.3333333","13.0","NARRAGANSETT BAY RESERVE, RI US","  67.6","15","  52.9","15","1019.3","15","999.9"," 0","999.9"," 0","  3.7","15","  6.0","999.9","  76.5","*","  53.2","*"," 0.00","G","999.9","000000"
"99800499999","2020-09-01","41.6333333","-71.3333333","13.0","NARRAGANSETT BAY RESERVE, RI US","  68.7","24","  59.1","24","1021.8","24","999.9"," 0","999.9"," 0","  3.2","24","  5.1","999.9","  77.0","*","  58.6","*"," 0.00","G","999.9","000000"
"99800499999","2020-09-02","41.6333333","-71.3333333","13.0","NARRAGANSETT BAY RESERVE, RI US","  67.2","24","  64.0","24","1017.0","24","999.9"," 0","999.9"," 0","  3.3","24","  6.0","999.9","  70.9","*","  63.1","*"," 0.00","G","999.9","000000"
"99800499999","2020-09-03","41.6333333","-71.3333333","13.0","NARRAGANSETT BAY RESERVE, RI US","  73.4","24","  71.6","24","1008.9","24","999.9"," 0","999.9"," 0","  3.1","24","  6.0","999.9","  79.7","*","  70.9","*"," 0.03","G","999.9","000000"
"99800499999","2020-09-04","41.6333333","-71.3333333","13.0","NARRAGANSETT BAY RESERVE, RI US","  76.3","24","  65.9","24","1009.4","24","999.9"," 0","999.9"," 0","  3.1","24","  7.0","999.9","  87.4","*","  68.7","*"," 0.02","G","999.9","000000"
"99800499999","2020-09-05","41.6333333","-71.3333333","13.0","NARRAGANSETT BAY RESERVE, RI US","  69.7","24","  51.4","24","1019.2","24","999.9"," 0","999.9"," 0","  4.5","24","  8.9","999.9","  79.9","*","  59.5","*"," 0.00","G","999.9","000000"
"99800499999","2020-09-06","41.6333333","-71.3333333","13.0","NARRAGANSETT BAY RESERVE, RI US","  70.3","24","  61.1","24","1021.7","24","999.9"," 0","999.9"," 0","  5.5","24","  8.9","999.9","  80.4","*","  62.6","*"," 0.01","G","999.9","000000"
"99800499999","2020-09-07","41.6333333","-71.3333333","13.0","NARRAGANSETT BAY RESERVE, RI US","  71.0","24","  63.0","24","1021.1","24","999.9"," 0","999.9"," 0","  3.7","24","  6.0","999.9","  77.9","*","  63.0","*"," 0.02","G","999.9","000000"
"99800499999","2020-09-08","41.6333333","-71.3333333","13.0","NARRAGANSETT BAY RESERVE, RI US","  69.1","24","  65.0","24","1021.2","24","999.9"," 0","999.9"," 0","  2.7","24","  6.0","999.9","  79.2","*","  62.4","*"," 0.01","G","999.9","000000"
"99800499999","2020-09-09","41.6333333","-71.3333333","13.0","NARRAGANSETT BAY RESERVE, RI US","  70.2","24","  65.4","24","1025.2","24","999.9"," 0","999.9"," 0","  2.0","24","  5.1","999.9","  78.1","*","  65.3","*"," 0.01","G","999.9","000000"
"99800499999","2020-09-10","41.6333333","-71.3333333","13.0","NARRAGANSETT BAY RESERVE, RI US","  72.6","24","  71.7","24","1024.8","24","999.9"," 0","999.9"," 0","  2.1","24","  5.1","999.9","  75.2","*","  71.2","*"," 0.00","G","999.9","000000"
"99800499999","2020-09-11","41.6333333","-71.3333333","13.0","NARRAGANSETT BAY RESERVE, RI US","  69.8","24","  66.2","24","1021.0","24","999.9"," 0","999.9"," 0","  7.8","24"," 17.1","999.9","  73.8","*","  61.9","*"," 0.01","G","999.9","000000"
"99800499999","2020-09-12","41.6333333","-71.3333333","13.0","NARRAGANSETT BAY RESERVE, RI US","  63.1","24","  53.5","24","1026.5","24","999.9"," 0","999.9"," 0","  7.3","24","  9.9","999.9","  73.2","*","  56.1","*"," 0.01","G","999.9","000000"
"99800499999","2020-09-13","41.6333333","-71.3333333","13.0","NARRAGANSETT BAY RESERVE, RI US","  64.5","24","  57.1","24","1022.8","24","999.9"," 0","999.9"," 0","  4.8","24","  9.9","999.9","  74.8","*","  55.0","*"," 0.01","G","999.9","000000"
"99800499999","2020-09-14","41.6333333","-71.3333333","13.0","NARRAGANSETT BAY RESERVE, RI US","  71.1","24","  61.1","24","1017.0","24","999.9"," 0","999.9"," 0","  6.0","24","  9.9","999.9","  78.4","*","  66.9","*"," 0.00","G","999.9","000000"
"99800499999","2020-09-15","41.6333333","-71.3333333","13.0","NARRAGANSETT BAY RESERVE, RI US","  60.7","24","  44.6","24","1024.8","24","999.9"," 0","999.9"," 0","  8.7","24"," 15.0","999.9","  68.7","*","  53.2","*"," 0.00","I","999.9","000000"
"99800499999","2020-09-16","41.6333333","-71.3333333","13.0","NARRAGANSETT BAY RESERVE, RI US","  62.8","24","  53.1","24","1024.3","24","999.9"," 0","999.9"," 0","  6.7","24","  9.9","999.9","  71.8","*","  55.4","*"," 0.00","G","999.9","000000"
"99800499999","2020-09-17","41.6333333","-71.3333333","13.0","NARRAGANSETT BAY RESERVE, RI US","  68.3","24","  61.3","24","1017.9","24","999.9"," 0","999.9"," 0","  5.3","24","  8.0","999.9","  75.2","*","  62.8","*"," 0.00","I","999.9","000000"
"99800499999","2020-09-18","41.6333333","-71.3333333","13.0","NARRAGANSETT BAY RESERVE, RI US","  64.6","24","  56.8","24","1014.7","24","999.9"," 0","999.9"," 0"," 10.6","24"," 15.9","999.9","  68.2","*","  61.9","*"," 0.00","G","999.9","000000"
"99800499999","2020-09-19","41.6333333","-71.3333333","13.0","NARRAGANSETT BAY RESERVE, RI US","  57.5","24","  38.1","24","1023.0","24","999.9"," 0","999.9"," 0"," 11.0","24"," 14.0","999.9","  64.9","*","  48.9","*"," 0.00","G","999.9","000000"
"99800499999","2020-09-20","41.6333333","-71.3333333","13.0","NARRAGANSETT BAY RESERVE, RI US","  54.6","24","  38.0","24","1031.2","24","999.9"," 0","999.9"," 0"," 10.7","24"," 15.9","999.9","  63.0","*","  47.1","*"," 0.00","G","999.9","000000"
"99800499999","2020-09-21","41.6333333","-71.3333333","13.0","NARRAGANSETT BAY RESERVE, RI US","  55.1","24","  42.1","24","1034.0","24","999.9"," 0","999.9"," 0"," 10.5","24"," 14.0","999.9","  66.7","*","  47.8","*"," 0.00","I","999.9","000000"
"99800499999","2020-09-22","41.6333333","-71.3333333","13.0","NARRAGANSETT BAY RESERVE, RI US","  55.5","24","  37.7","24","1020.2","24","999.9"," 0","999.9"," 0","  8.3","24"," 13.0","999.9","  65.5","*","  47.5","*"," 0.00","G","999.9","000000"
"99800499999","2020-09-23","41.6333333","-71.3333333","13.0","NARRAGANSETT BAY RESERVE, RI US","  65.2","24","  43.7","24","1008.2","24","999.9"," 0","999.9"," 0","  5.6","24","  8.0","999.9","  81.5","*","  53.1","*"," 0.00","I","999.9","000000"
"99800499999","2020-09-24","41.6333333","-71.3333333","13.0","NARRAGANSETT BAY RESERVE, RI US","  65.8","24","  55.8","24","1013.3","24","999.9"," 0","999.9"," 0","  3.6","24","  6.0","999.9","  76.5","*","  53.2","*"," 0.00","I","999.9","000000"
"99800499999","2020-09-25","41.6333333","-71.3333333","13.0","NARRAGANSETT BAY RESERVE, RI US","  66.1","24","  60.2","24","1018.0","24","999.9"," 0","999.9"," 0","  3.4","24","  5.1","999.9","  78.3","*","  58.1","*"," 0.00","G","999.9","000000"
"99800499999","2020-09-26","41.6333333","-71.3333333","13.0","NARRAGANSETT BAY RESERVE, RI US","  66.0","24","  61.7","24","1020.5","24","999.9"," 0","999.9"," 0","  2.9","24","  6.0","999.9","  74.7","*","  59.7","*"," 0.00","I","999.9","000000"
"99800499999","2020-09-27","41.6333333","-71.3333333","13.0","NARRAGANSETT BAY RESERVE, RI US","  68.6","24","  65.9","24","1017.4","24","999.9"," 0","999.9"," 0","  2.0","24","  4.1","999.9","  76.1","*","  63.0","*"," 0.00","I","999.9","000000"
"99800499999","2020-09-28","41.6333333","-71.3333333","13.0","NARRAGANSETT BAY RESERVE, RI US","  68.7","24","  67.1","24","1015.0","24","999.9"," 0","999.9"," 0","  3.8","24","  7.0","999.9","  71.8","*","  66.6","*"," 0.00","G","999.9","000000"
"99800499999","2020-09-29","41.6333333","-71.3333333","13.0","NARRAGANSETT BAY RESERVE, RI US","  67.3","24","  65.1","24","1013.9","24","999.9"," 0","999.9"," 0","  3.4","24","  6.0","999.9","  72.0","*","  64.4","*"," 0.00","I","999.9","000000"
"99800499999","2020-09-30","41.6333333","-71.3333333","13.0","NARRAGANSETT BAY RESERVE, RI US","  71.0","24","  63.8","24","1004.9","24","999.9"," 0","999.9"," 0","  9.5","24"," 15.0","999.9","  73.4","*","  65.3","*"," 0.09","G","999.9","000000"
"99800499999","2020-10-01","41.6333333","-71.3333333","13.0","NARRAGANSETT BAY RESERVE, RI US","  66.5","24","  57.5","24","1012.0","24","999.9"," 0","999.9"," 0","  6.4","24","  8.9","999.9","  73.4","*","  61.5","*"," 0.00","G","999.9","000000"
"99800499999","2020-10-02","41.6333333","-71.3333333","13.0","NARRAGANSETT BAY RESERVE, RI US","  61.6","24","  54.8","24","1013.9","24","999.9"," 0","999.9"," 0","  3.2","24","  6.0","999.9","  69.6","*","  55.9","*"," 0.00","I","999.9","000000"
"99800499999","2020-10-03","41.6333333","-71.3333333","13.0","NARRAGANSETT BAY RESERVE, RI US","  56.7","24","  48.2","24","1019.8","24","999.9"," 0","999.9"," 0","  3.5","24","  8.0","999.9","  67.8","*","  46.2","*"," 0.00","I","999.9","000000"
"99800499999","2020-10-04","41.6333333","-71.3333333","13.0","NARRAGANSETT BAY RESERVE, RI US","  57.6","24","  44.8","24","1024.5","24","999.9"," 0","999.9"," 0","  3.7","24","  5.1","999.9","  69.6","*","  47.8","*"," 0.00","I","999.9","000000"
"99800499999","2020-10-05","41.6333333","-71.3333333","13.0","NARRAGANSETT BAY RESERVE, RI US","  59.6","24","  55.9","24","1020.4","24","999.9"," 0","999.9"," 0","  7.3","24","  9.9","999.9","  66.2","*","  55.8","*"," 0.00","G","999.9","000000"
"99800499999","2020-10-06","41.6333333","-71.3333333","13.0","NARRAGANSETT BAY RESERVE, RI US","  58.8","24","  53.6","24","1020.8","24","999.9"," 0","999.9"," 0","  3.0","24","  6.0","999.9","  67.5","*","  50.9","*"," 0.00","I","999.9","000000"
"99800499999","2020-10-07","41.6333333","-71.3333333","13.0","NARRAGANSETT BAY RESERVE, RI US","  64.7","24","  56.1","24","1007.9","24","999.9"," 0","999.9"," 0","  8.1","24"," 14.0","999.9","  73.2","*","  59.5","*"," 0.00","G","999.9","000000"
"99800499999","2020-10-08","41.6333333","-71.3333333","13.0","NARRAGANSETT BAY RESERVE, RI US","  58.9","24","  40.0","24","1008.2","24","999.9"," 0","999.9"," 0","  8.4","24"," 12.0","999.9","  65.7","*","  52.9","*"," 0.00","I","999.9","000000"
"99800499999","2020-10-09","41.6333333","-71.3333333","13.0","NARRAGANSETT BAY RESERVE, RI US","  52.6","24","  35.9","24","1020.8","24","999.9"," 0","999.9"," 0","  6.3","24","  8.9","999.9","  60.8","*","  45.0","*"," 0.00","G","999.9","000000"
"99800499999","2020-10-10","41.6333333","-71.3333333","13.0","NARRAGANSETT BAY RESERVE, RI US","  64.0","24","  55.1","24","1016.1","24","999.9"," 0","999.9"," 0"," 10.2","24"," 15.9","999.9","  71.1","*","  56.5","*"," 0.00","I","999.9","000000"
"99800499999","2020-10-11","41.6333333","-71.3333333","13.0","NARRAGANSETT BAY RESERVE, RI US","  63.0","24","  53.4","24","1017.0","24","999.9"," 0","999.9"," 0","  8.7","24"," 13.0","999.9","  66.0","*","  54.9","*"," 0.00","G","999.9","000000"
"99800499999","2020-10-12","41.6333333","-71.3333333","13.0","NARRAGANSETT BAY RESERVE, RI US","  53.5","24","  47.1","24","1025.5","24","999.9"," 0","999.9"," 0"," 11.1","24"," 14.0","999.9","  57.6","*","  51.1","*"," 0.00","G","999.9","000000"
"99800499999","2020-10-13","41.6333333","-71.3333333","13.0","NARRAGANSETT BAY RESERVE, RI US","  57.6","24","  56.2","24","1015.7","24","999.9"," 0","999.9"," 0"," 10.2","24"," 15.9","999.9","  61.2","*","  55.0","*"," 0.04","G","999.9","000000"
"99800499999","2020-10-14","41.6333333","-71.3333333","13.0","NARRAGANSETT BAY RESERVE, RI US","  58.3","23","  50.0","23","1011.1","23","999.9"," 0","999.9"," 0","  5.5","23","  8.9","999.9","  71.4","*","  51.4","*"," 1.44","G","999.9","000000"
"99800499999","2020-10-15","41.6333333","-71.3333333","13.0","NARRAGANSETT BAY RESERVE, RI US","  59.8","24","  55.0","24","1017.5","24","999.9"," 0","999.9"," 0","  4.6","24","  8.9","999.9","  69.3","*","  51.1","*"," 0.00","G","999.9","000000"
"99800499999","2020-10-16","41.6333333","-71.3333333","13.0","NARRAGANSETT BAY RESERVE, RI US","  64.1","24","  62.1","24","1017.6","24","999.9"," 0","999.9"," 0","  5.9","24","  8.9","999.9","  67.3","*","  55.6","*"," 0.00","I","999.9","000000"
"99800499999","2020-10-17","41.6333333","-71.3333333","13.0","NARRAGANSETT BAY RESERVE, RI US","  52.2","24","  44.7","24","1021.0","24","999.9"," 0","999.9"," 0","  8.6","24"," 19.0","999.9","  60.4","*","  44.8","*"," 0.00","I","999.9","000000"
"99800499999","2020-10-18","41.6333333","-71.3333333","13.0","NARRAGANSETT BAY RESERVE, RI US","  50.4","24","  40.9","24","1032.1","24","999.9"," 0","999.9"," 0","  3.2","24","  5.1","999.9","  61.7","*","  41.2","*"," 0.00","I","999.9","000000"
"99800499999","2020-10-19","41.6333333","-71.3333333","13.0","NARRAGANSETT BAY RESERVE, RI US","  53.7","23","  47.5","23","1029.1","23","999.9"," 0","999.9"," 0","  2.5","23","  4.1","999.9","  64.2","*","  44.2","*"," 0.00","I","999.9","000000"
"99800499999","2020-10-20","41.6333333","-71.3333333","13.0","NARRAGANSETT BAY RESERVE, RI US","  56.8","24","  56.4","24","1025.6","24","999.9"," 0","999.9"," 0","  1.6","24","  5.1","999.9","  64.0","*","  50.5","*"," 0.00","G","999.9","000000"
"99800499999","2020-10-21","41.6333333","-71.3333333","13.0","NARRAGANSETT BAY RESERVE, RI US","  62.8","24","  62.2","24","1025.5","24","999.9"," 0","999.9"," 0","  2.4","24","  6.0","999.9","  68.2","*","  59.9","*"," 0.39","G","999.9","000000"
"99800499999","2020-10-22","41.6333333","-71.3333333","13.0","NARRAGANSETT BAY RESERVE, RI US","  65.7","24","  63.0","24","1024.1","24","999.9"," 0","999.9"," 0","  3.0","24","  5.1","999.9","  75.9","*","  61.9","*"," 0.01","G","999.9","000000"
"99800499999","2020-10-23","41.6333333","-71.3333333","13.0","NARRAGANSETT BAY RESERVE, RI US","  60.9","24","  57.9","24","1024.0","24","999.9"," 0","999.9"," 0","  2.8","24","  5.1","999.9","  67.3","*","  56.1","*"," 0.00","G","999.9","000000"
"99800499999","2020-10-24","41.6333333","-71.3333333","13.0","NARRAGANSETT BAY RESERVE, RI US","  60.2","24","  57.2","24","1015.0","24","999.9"," 0","999.9"," 0","  3.0","24","  5.1","999.9","  66.0","*","  55.6","*"," 0.00","I","999.9","000000"
"99800499999","2020-10-25","41.6333333","-71.3333333","13.0","NARRAGANSETT BAY RESERVE, RI US","  52.0","24","  40.7","24","1021.4","24","999.9"," 0","999.9"," 0","  9.9","24"," 13.0","999.9","  62.1","*","  45.1","*"," 0.00","I","999.9","000000"
"99800499999","2020-10-26","41.6333333","-71.3333333","13.0","NARRAGANSETT BAY RESERVE, RI US","  52.3","24","  46.5","24","1024.9","24","999.9"," 0","999.9"," 0","  9.6","24"," 13.0","999.9","  56.5","*","  49.1","*"," 0.00","I","999.9","000000"
"99800499999","2020-10-27","41.6333333","-71.3333333","13.0","NARRAGANSETT BAY RESERVE, RI US","  56.2","24","  50.7","24","1019.8","24","999.9"," 0","999.9"," 0","  5.2","24"," 12.0","999.9","  59.9","*","  53.4","*"," 0.00","G","999.9","000000"
"99800499999","2020-10-28","41.6333333","-71.3333333","13.0","NARRAGANSETT BAY RESERVE, RI US","  50.8","24","  46.0","24","1018.7","24","999.9"," 0","999.9"," 0","  5.7","24","  8.0","999.9","  53.2","*","  47.8","*"," 0.00","G","999.9","000000"
"99800499999","2020-10-29","41.6333333","-71.3333333","13.0","NARRAGANSETT BAY RESERVE, RI US","  47.8","24","  47.7","24","1012.5","24","999.9"," 0","999.9"," 0","  4.5","24"," 18.1","999.9","  50.7","*","  45.9","*"," 0.00","I","999.9","000000"
"99800499999","2020-10-30","41.6333333","-71.3333333","13.0","NARRAGANSETT BAY RESERVE, RI US","  41.1","24","  41.1","24","1008.8","24","999.9"," 0","999.9"," 0"," 18.4","24"," 22.0","999.9","  49.1","*","  32.5","*"," 0.00","I","999.9","000000"
"99800499999","2020-10-31","41.6333333","-71.3333333","13.0","NARRAGANSETT BAY RESERVE, RI US","  36.5","24","  27.7","24","1029.6","24","999.9"," 0","999.9"," 0","  4.5","24","  7.0","999.9","  46.9","*","  29.7","*"," 0.00","I","999.9","000000"
"99800499999","2020-11-01","41.6333333","-71.3333333","13.0","NARRAGANSETT BAY RESERVE, RI US","  44.3","24","  39.4","24","1022.5","24","999.9"," 0","999.9"," 0","  2.1","24","  5.1","999.9","  52.2","*","  37.4","*"," 0.00","I","999.9","000000"
"99800499999","2020-11-02","41.6333333","-71.3333333","13.0","NARRAGANSETT BAY RESERVE, RI US","  42.9","24","  30.8","24","1002.8","24","999.9"," 0","999.9"," 0"," 10.7","24"," 17.1","999.9","  52.3","*","  37.0","*"," 0.82","G","999.9","000000"
"99800499999","2020-11-03","41.6333333","-71.3333333","13.0","NARRAGANSETT BAY RESERVE, RI US","  41.8","24","  22.2","24","1011.4","24","999.9"," 0","999.9"," 0","  9.4","24"," 15.0","999.9","  46.8","*","  36.3","*"," 0.00","G","999.9","000000"
"99800499999","2020-11-04","41.6333333","-71.3333333","13.0","NARRAGANSETT BAY RESERVE, RI US","  43.3","23","  29.5","23","1030.5","23","999.9"," 0","999.9"," 0","  6.4","23"," 12.0","999.9","  57.4","*","  35.1","*"," 0.00","I","999.9","000000"
"99800499999","2020-11-05","41.6333333","-71.3333333","13.0","NARRAGANSETT BAY RESERVE, RI US","  59.8"," 4","  56.1"," 4","1028.0"," 4","999.9"," 0","999.9"," 0","  7.0"," 4","  8.0","999.9","  62.1","*","  58.3","*"," 0.00","I","999.9","000000"
"99800499999","2020-11-06","41.6333333","-71.3333333","13.0","NARRAGANSETT BAY RESERVE, RI US","  59.7","24","  55.6","24","1025.4","24","999.9"," 0","999.9"," 0","  6.5","24"," 11.1","999.9","  66.4","*","  55.6","*"," 0.00","G","999.9","000000"
"99800499999","2020-11-07","41.6333333","-71.3333333","13.0","NARRAGANSETT BAY RESERVE, RI US","  59.3","24","  51.3","24","1022.8","24","999.9"," 0","999.9"," 0","  4.2","24","  5.1","999.9","  71.8","*","  51.4","*"," 0.00","I","999.9","000000"
"99800499999","2020-11-08","41.6333333","-71.3333333","13.0","NARRAGANSETT BAY RESERVE, RI US","  57.0","24","  47.6","24","1026.0","24","999.9"," 0","999.9"," 0","  2.9","24","  6.0","999.9","  72.5","*","  45.5","*"," 0.00","I","999.9","000000"
"99800499999","2020-11-09","41.6333333","-71.3333333","13.0","NARRAGANSETT BAY RESERVE, RI US","  55.1","24","  47.3","24","1026.7","24","999.9"," 0","999.9"," 0","  2.2","24","  5.1","999.9","  74.8","*","  43.7","*"," 0.00","I","999.9","000000"
"99800499999","2020-11-10","41.6333333","-71.3333333","13.0","NARRAGANSETT BAY RESERVE, RI US","  58.6","24","  53.0","24","1022.8","24","999.9"," 0","999.9"," 0","  5.6","24","  9.9","999.9","  69.6","*","  52.0","*"," 0.00","I","999.9","000000"
"99800499999","2020-11-11","41.6333333","-71.3333333","13.0","NARRAGANSETT BAY RESERVE, RI US","  61.1","24","  59.8","24","1019.0","24","999.9"," 0","999.9"," 0","  5.5","24","  8.0","999.9","  66.7","*","  57.6","*"," 0.00","I","999.9","000000"
"99800499999","2020-11-12","41.6333333","-71.3333333","13.0","NARRAGANSETT BAY RESERVE, RI US","  60.3","24","  58.8","24","1013.8","24","999.9"," 0","999.9"," 0","  7.6","24"," 14.0","999.9","  63.5","*","  53.2","*"," 0.00","I","999.9","000000"
"99800499999","2020-11-13","41.6333333","-71.3333333","13.0","NARRAGANSETT BAY RESERVE, RI US","  49.4","24","  47.7","24","1016.4","24","999.9"," 0","999.9"," 0","  8.4","24"," 15.9","999.9","  52.2","*","  46.0","*"," 0.20","G","999.9","000000"
"99800499999","2020-11-14","41.6333333","-71.3333333","13.0","NARRAGANSETT BAY RESERVE, RI US","  45.6","24","  37.4","24","1017.0","24","999.9"," 0","999.9"," 0","  6.3","24","  8.9","999.9","  53.4","*","  40.5","*"," 0.20","G","999.9","000000"
"99800499999","2020-11-15","41.6333333","-71.3333333","13.0","NARRAGANSETT BAY RESERVE, RI US","  42.7","24","  32.2","24","1023.0","24","999.9"," 0","999.9"," 0","  5.0","24","  8.9","999.9","  54.5","*","  31.8","*"," 0.00","G","999.9","000000"
"99800499999","2020-11-16","41.6333333","-71.3333333","13.0","NARRAGANSETT BAY RESERVE, RI US","  53.0","21","  40.0","21","1009.3","21","999.9"," 0","999.9"," 0"," 10.4","21"," 18.1","999.9","  59.9","*","  48.0","*"," 0.28","G","999.9","000000"
"99800499999","2020-11-17","41.6333333","-71.3333333","13.0","NARRAGANSETT BAY RESERVE, RI US","  44.7","24","  28.2","24","1013.2","24","999.9"," 0","999.9"," 0","  5.9","24","  8.0","999.9","  50.9","*","  39.0","*"," 0.00","G","999.9","000000"
"99800499999","2020-11-18","41.6333333","-71.3333333","13.0","NARRAGANSETT BAY RESERVE, RI US","  35.8","18","  19.8","18","1022.6","18","999.9"," 0","999.9"," 0","  7.1","18","  8.9","999.9","  43.9","*","  30.0","*"," 0.00","I","999.9","000000"
"99800499999","2020-11-19","41.6333333","-71.3333333","13.0","NARRAGANSETT BAY RESERVE, RI US","  32.2","24","  19.7","24","1034.5","24","999.9"," 0","999.9"," 0","  6.4","24"," 13.0","999.9","  46.2","*","  22.5","*"," 0.00","I","999.9","000000"
"99800499999","2020-11-20","41.6333333","-71.3333333","13.0","NARRAGANSETT BAY RESERVE, RI US","  52.6","24","  40.1","24","1026.5","24","999.9"," 0","999.9"," 0"," 12.1","24"," 15.0","999.9","  59.4","*","  46.6","*"," 0.00","G","999.9","000000"
"99800499999","2020-11-21","41.6333333","-71.3333333","13.0","NARRAGANSETT BAY RESERVE, RI US","  55.0","24","  40.5","24","1024.7","24","999.9"," 0","999.9"," 0","  5.8","24","  8.9","999.9","  65.5","*","  48.6","*"," 0.00","I","999.9","000000"
"99800499999","2020-11-22","41.6333333","-71.3333333","13.0","NARRAGANSETT BAY RESERVE, RI US","  46.7","24","  35.8","24","1031.7","24","999.9"," 0","999.9"," 0"," 10.5","24"," 15.0","999.9","  54.5","*","  39.6","*"," 0.00","I","999.9","000000"
"99800499999","2020-11-23","41.6333333","-71.3333333","13.0","NARRAGANSETT BAY RESERVE, RI US","  51.5","23","  48.2","23","1015.4","23","999.9"," 0","999.9"," 0","  8.1","23"," 12.0","999.9","  60.4","*","  42.1","*"," 0.00","I","999.9","000000"
"99800499999","2020-11-24","41.6333333","-71.3333333","13.0","NARRAGANSETT BAY RESERVE, RI US","  39.9","24","  25.5","24","1021.7","24","999.9"," 0","999.9"," 0","  6.8","24","  9.9","999.9","  46.6","*","  34.2","*"," 1.35","G","999.9","000000"
"99800499999","2020-11-25","41.6333333","-71.3333333","13.0","NARRAGANSETT BAY RESERVE, RI US","  41.7","24","  31.8","24","1029.4","24","999.9"," 0","999.9"," 0","  6.5","24","  9.9","999.9","  55.0","*","  33.8","*"," 0.00","G","999.9","000000"
"99800499999","2020-11-26","41.6333333","-71.3333333","13.0","NARRAGANSETT BAY RESERVE, RI US","  54.5","24","  52.6","24","1020.0","24","999.9"," 0","999.9"," 0","  4.9","24","  8.9","999.9","  57.7","*","  50.5","*"," 0.00","I","999.9","000000"
"99800499999","2020-11-27","41.6333333","-71.3333333","13.0","NARRAGANSETT BAY RESERVE, RI US","  50.6","24","  49.8","24","1016.5","24","999.9"," 0","999.9"," 0","  2.6","24","  6.0","999.9","  55.6","*","  45.3","*"," 0.46","G","999.9","000000"
"99800499999","2020-11-28","41.6333333","-71.3333333","13.0","NARRAGANSETT BAY RESERVE, RI US","  49.6","24","  42.5","24","1014.0","24","999.9"," 0","999.9"," 0","  3.2","24","  7.0","999.9","  56.1","*","  45.7","*"," 0.00","G","999.9","000000"
"99800499999","2020-11-29","41.6333333","-71.3333333","13.0","NARRAGANSETT BAY RESERVE, RI US","  44.2","24","  31.5","24","1019.0","24","999.9"," 0","999.9"," 0","  4.9","24","  7.0","999.9","  53.6","*","  35.4","*"," 0.00","G","999.9","000000"
"99800499999","2020-11-30","41.6333333","-71.3333333","13.0","NARRAGANSETT BAY RESERVE, RI US","  48.2","23","  46.0","23","1015.3","23","999.9"," 0","999.9"," 0","  6.1","23"," 17.1","999.9","  59.2","*","  40.5","*"," 0.00","G","999.9","000000"
"99800499999","2020-12-01","41.6333333","-71.3333333","13.0","NARRAGANSETT BAY RESERVE, RI US","  57.8","24","  54.2","24","1001.1","24","999.9"," 0","999.9"," 0"," 10.1","24"," 15.9","999.9","  62.2","*","  49.6","*"," 1.81","G","999.9","000000"
"99800499999","2020-12-02","41.6333333","-71.3333333","13.0","NARRAGANSETT BAY RESERVE, RI US","  42.3","24","  29.5","24","1010.6","24","999.9"," 0","999.9"," 0"," 10.1","24"," 15.0","999.9","  48.7","*","  38.3","*"," 0.00","G","999.9","000000"
"99800499999","2020-12-03","41.6333333","-71.3333333","13.0","NARRAGANSETT BAY RESERVE, RI US","  41.3","24","  28.6","24","1019.3","24","999.9"," 0","999.9"," 0","  8.9","24"," 13.0","999.9","  50.2","*","  35.8","*"," 0.00","I","999.9","000000"
"99800499999","2020-12-04","41.6333333","-71.3333333","13.0","NARRAGANSETT BAY RESERVE, RI US","  50.0","24","  37.7","24","1018.2","24","999.9"," 0","999.9"," 0","  9.2","24"," 13.0","999.9","  54.9","*","  44.1","*"," 0.00","I","999.9","000000"
"99800499999","2020-12-05","41.6333333","-71.3333333","13.0","NARRAGANSETT BAY RESERVE, RI US","  44.7","24","  42.9","24","1005.1","24","999.9"," 0","999.9"," 0"," 11.7","24"," 27.0","999.9","  50.7","*","  34.3","*"," 0.00","I","999.9","000000"
"99800499999","2020-12-06","41.6333333","-71.3333333","13.0","NARRAGANSETT BAY RESERVE, RI US","  36.9","24","  26.8","24","1002.0","24","999.9"," 0","999.9"," 0"," 11.4","24"," 17.1","999.9","  40.5","*","  33.6","*"," 2.40","G","999.9","000000"
"99800499999","2020-12-07","41.6333333","-71.3333333","13.0","NARRAGANSETT BAY RESERVE, RI US","  32.2","24","  20.1","24","1007.2","24","999.9"," 0","999.9"," 0","  5.3","24","  8.9","999.9","  37.0","*","  27.9","*"," 0.00","G","999.9","000000"
"99800499999","2020-12-08","41.6333333","-71.3333333","13.0","NARRAGANSETT BAY RESERVE, RI US","  30.5","24","  22.8","24","1005.5","24","999.9"," 0","999.9"," 0"," 10.7","24"," 17.1","999.9","  32.0","*","  29.1","*"," 0.00","I","999.9","000000"
"99800499999","2020-12-09","41.6333333","-71.3333333","13.0","NARRAGANSETT BAY RESERVE, RI US","  30.4","24","  21.7","24","1008.5","24","999.9"," 0","999.9"," 0","  4.6","24","  8.0","999.9","  38.3","*","  25.3","*"," 0.00","G","999.9","000000"
"99800499999","2020-12-10","41.6333333","-71.3333333","13.0","NARRAGANSETT BAY RESERVE, RI US","  39.6","23","  29.2","23","1012.3","23","999.9"," 0","999.9"," 0","  5.4","23","  8.0","999.9","  46.8","*","  34.7","*"," 0.00","I","999.9","000000"
"99800499999","2020-12-11","41.6333333","-71.3333333","13.0","NARRAGANSETT BAY RESERVE, RI US","  39.9","24","  34.1","24","1022.3","24","999.9"," 0","999.9"," 0","  5.2","24","  9.9","999.9","  51.4","*","  31.5","*"," 0.00","G","999.9","000000"
"99800499999","2020-12-12","41.6333333","-71.3333333","13.0","NARRAGANSETT BAY RESERVE, RI US","  45.7","24","  45.0","24","1020.9","24","999.9"," 0","999.9"," 0","  4.1","24","  7.0","999.9","  48.9","*","  42.1","*"," 0.00","G","999.9","000000"
"99800499999","2020-12-13","41.6333333","-71.3333333","13.0","NARRAGANSETT BAY RESERVE, RI US","  49.2","24","  47.0","24","1013.7","24","999.9"," 0","999.9"," 0","  4.2","24","  8.9","999.9","  58.1","*","  42.6","*"," 0.00","I","999.9","000000"
"99800499999","2020-12-14","41.6333333","-71.3333333","13.0","NARRAGANSETT BAY RESERVE, RI US","  39.5","24","  34.2","24","1013.8","24","999.9"," 0","999.9"," 0","  3.7","24","  7.0","999.9","  50.9","*","  34.7","*"," 0.00","G","999.9","000000"
"99800499999","2020-12-15","41.6333333","-71.3333333","13.0","NARRAGANSETT BAY RESERVE, RI US","  34.5","24","  19.6","24","1018.2","24","999.9"," 0","999.9"," 0","  7.1","24","  9.9","999.9","  38.3","*","  30.6","*"," 0.11","G","999.9","000000"
"99800499999","2020-12-16","41.6333333","-71.3333333","13.0","NARRAGANSETT BAY RESERVE, RI US","  27.1","24","  11.3","24","1030.0","24","999.9"," 0","999.9"," 0","  9.5","24"," 13.0","999.9","  31.6","*","  22.3","*"," 0.00","G","999.9","000000"
"99800499999","2020-12-17","41.6333333","-71.3333333","13.0","NARRAGANSETT BAY RESERVE, RI US","  30.2","24","  28.8","24","1014.0","24","999.9"," 0","999.9"," 0"," 19.4","24"," 27.0","999.9","  34.5","*","  25.5","*"," 0.00","I","999.9","000000"
"99800499999","2020-12-18","41.6333333","-71.3333333","13.0","NARRAGANSETT BAY RESERVE, RI US","  27.8","24","  19.4","24","1021.2","24","999.9"," 0","999.9"," 0"," 12.5","24"," 18.1","999.9","  31.8","*","  24.8","*"," 0.00","I","999.9","000000"
"99800499999","2020-12-19","41.6333333","-71.3333333","13.0","NARRAGANSETT BAY RESERVE, RI US","  26.4","24","  16.0","24","1028.0","24","999.9"," 0","999.9"," 0","  5.0","24"," 12.0","999.9","  31.5","*","  20.3","*"," 0.00","G","999.9","000000"
"99800499999","2020-12-20","41.6333333","-71.3333333","13.0","NARRAGANSETT BAY RESERVE, RI US","  30.9","24","  25.1","24","1023.8","24","999.9"," 0","999.9"," 0","  2.5","24","  5.1","999.9","  36.1","*","  26.2","*"," 0.00","I","999.9","000000"
"99800499999","2020-12-21","41.6333333","-71.3333333","13.0","NARRAGANSETT BAY RESERVE, RI US","  34.3","24","  33.7","24","1012.5","24","999.9"," 0","999.9"," 0","  3.1","24","  8.0","999.9","  37.4","*","  31.3","*"," 0.00","I","999.9","000000"
"99800499999","2020-12-22","41.6333333","-71.3333333","13.0","NARRAGANSETT BAY RESERVE, RI US","  37.5","24","  31.1","24","1005.8","24","999.9"," 0","999.9"," 0","  4.6","24","  9.9","999.9","  46.2","*","  32.2","*"," 0.00","I","999.9","000000"
"99800499999","2020-12-23","41.6333333","-71.3333333","13.0","NARRAGANSETT BAY RESERVE, RI US","  37.5","24","  21.4","24","1023.4","24","999.9"," 0","999.9"," 0","  5.8","24","  9.9","999.9","  42.6","*","  32.5","*"," 0.00","I","999.9","000000"
"99800499999","2020-12-24","41.6333333","-71.3333333","13.0","NARRAGANSETT BAY RESERVE, RI US","  47.2","24","  41.2","24","1025.6","24","999.9"," 0","999.9"," 0","  6.0","24"," 12.0","999.9","  55.9","*","  33.6","*"," 0.00","I","999.9","000000"
"99800499999","2020-12-25","41.6333333","-71.3333333","13.0","NARRAGANSETT BAY RESERVE, RI US","  55.1","24","  54.1","24","1007.7","24","999.9"," 0","999.9"," 0"," 10.7","24"," 15.0","999.9","  58.1","*","  49.3","*"," 0.00","I","999.9","000000"
"99800499999","2020-12-26","41.6333333","-71.3333333","13.0","NARRAGANSETT BAY RESERVE, RI US","  35.2","24","  22.3","24","1007.5","24","999.9"," 0","999.9"," 0"," 11.6","24"," 17.1","999.9","  47.3","*","  28.4","*"," 0.00","I","999.9","000000"
"99800499999","2020-12-27","41.6333333","-71.3333333","13.0","NARRAGANSETT BAY RESERVE, RI US","  31.0","24","  17.2","24","1021.0","24","999.9"," 0","999.9"," 0","  5.3","24","  9.9","999.9","  39.2","*","  24.1","*"," 0.00","G","999.9","000000"
"99800499999","2020-12-28","41.6333333","-71.3333333","13.0","NARRAGANSETT BAY RESERVE, RI US","  38.2","24","  33.6","24","1024.1","24","999.9"," 0","999.9"," 0","  4.3","24"," 11.1","999.9","  50.5","*","  29.7","*"," 0.00","I","999.9","000000"
"99800499999","2020-12-29","41.6333333","-71.3333333","13.0","NARRAGANSETT BAY RESERVE, RI US","  38.5","24","  23.5","24","1022.6","24","999.9"," 0","999.9"," 0","  7.7","24"," 11.1","999.9","  45.7","*","  30.9","*"," 0.00","G","999.9","000000"
"99800499999","2020-12-30","41.6333333","-71.3333333","13.0","NARRAGANSETT BAY RESERVE, RI US","  29.5","24","  13.6","24","1030.5","24","999.9"," 0","999.9"," 0","  5.5","24","  8.9","999.9","  39.7","*","  23.9","*"," 0.00","I","999.9","000000"
"99800499999","2020-12-31","41.6333333","-71.3333333","13.0","NARRAGANSETT BAY RESERVE, RI US","  44.8","24","  38.9","24","1017.9","24","999.9"," 0","999.9"," 0","  9.2","24"," 15.9","999.9","  48.0","*","  39.7","*"," 0.00","I","999.9","000000"
